x,2x,x^2,5,y
1,2,1,5,8
2,4,4,5,13
3,6,9,5,20
4,8,16,5,29
5,10,25,5,40
6,12,36,5,53
7,14,49,5,68
8,16,64,5,85
9,18,81,5,104
10,20,100,5,125
11,22,121,5,148
12,24,144,5,173
13,26,169,5,200
14,28,196,5,229
15,30,225,5,260
16,32,256,5,293
17,34,289,5,328
18,36,324,5,365
19,38,361,5,404
20,40,400,5,445
21,42,441,5,488
22,44,484,5,533
23,46,529,5,580
24,48,576,5,629
25,50,625,5,680
26,52,676,5,733
27,54,729,5,788
28,56,784,5,845
29,58,841,5,904
30,60,900,5,965
31,62,961,5,1028
32,64,1024,5,1093
33,66,1089,5,1160
34,68,1156,5,1229
35,70,1225,5,1300
36,72,1296,5,1373
37,74,1369,5,1448
38,76,1444,5,1525
39,78,1521,5,1604
40,80,1600,5,1685
41,82,1681,5,1768
42,84,1764,5,1853
43,86,1849,5,1940
44,88,1936,5,2029
45,90,2025,5,2120
46,92,2116,5,2213
47,94,2209,5,2308
48,96,2304,5,2405
49,98,2401,5,2504
50,100,2500,5,2605
51,102,2601,5,2708
52,104,2704,5,2813
53,106,2809,5,2920
54,108,2916,5,3029
55,110,3025,5,3140
56,112,3136,5,3253
57,114,3249,5,3368
58,116,3364,5,3485
59,118,3481,5,3604
60,120,3600,5,3725
61,122,3721,5,3848
62,124,3844,5,3973
63,126,3969,5,4100
64,128,4096,5,4229
65,130,4225,5,4360
66,132,4356,5,4493
67,134,4489,5,4628
68,136,4624,5,4765
69,138,4761,5,4904
70,140,4900,5,5045
71,142,5041,5,5188
72,144,5184,5,5333
73,146,5329,5,5480
74,148,5476,5,5629
75,150,5625,5,5780
76,152,5776,5,5933
77,154,5929,5,6088
78,156,6084,5,6245
79,158,6241,5,6404
80,160,6400,5,6565
81,162,6561,5,6728
82,164,6724,5,6893
83,166,6889,5,7060
84,168,7056,5,7229
85,170,7225,5,7400
86,172,7396,5,7573
87,174,7569,5,7748
88,176,7744,5,7925
89,178,7921,5,8104
90,180,8100,5,8285
91,182,8281,5,8468
92,184,8464,5,8653
93,186,8649,5,8840
94,188,8836,5,9029
95,190,9025,5,9220
96,192,9216,5,9413
97,194,9409,5,9608
98,196,9604,5,9805
99,198,9801,5,10004
100,200,10000,5,10205
101,202,10201,5,10408
102,204,10404,5,10613
103,206,10609,5,10820
104,208,10816,5,11029
105,210,11025,5,11240
106,212,11236,5,11453
107,214,11449,5,11668
108,216,11664,5,11885
109,218,11881,5,12104
110,220,12100,5,12325
111,222,12321,5,12548
112,224,12544,5,12773
113,226,12769,5,13000
114,228,12996,5,13229
115,230,13225,5,13460
116,232,13456,5,13693
117,234,13689,5,13928
118,236,13924,5,14165
119,238,14161,5,14404
120,240,14400,5,14645
121,242,14641,5,14888
122,244,14884,5,15133
123,246,15129,5,15380
124,248,15376,5,15629
125,250,15625,5,15880
126,252,15876,5,16133
127,254,16129,5,16388
128,256,16384,5,16645
129,258,16641,5,16904
130,260,16900,5,17165
131,262,17161,5,17428
132,264,17424,5,17693
133,266,17689,5,17960
134,268,17956,5,18229
135,270,18225,5,18500
136,272,18496,5,18773
137,274,18769,5,19048
138,276,19044,5,19325
139,278,19321,5,19604
140,280,19600,5,19885
141,282,19881,5,20168
142,284,20164,5,20453
143,286,20449,5,20740
144,288,20736,5,21029
145,290,21025,5,21320
146,292,21316,5,21613
147,294,21609,5,21908
148,296,21904,5,22205
149,298,22201,5,22504
150,300,22500,5,22805
151,302,22801,5,23108
152,304,23104,5,23413
153,306,23409,5,23720
154,308,23716,5,24029
155,310,24025,5,24340
156,312,24336,5,24653
157,314,24649,5,24968
158,316,24964,5,25285
159,318,25281,5,25604
160,320,25600,5,25925
161,322,25921,5,26248
162,324,26244,5,26573
163,326,26569,5,26900
164,328,26896,5,27229
165,330,27225,5,27560
166,332,27556,5,27893
167,334,27889,5,28228
168,336,28224,5,28565
169,338,28561,5,28904
170,340,28900,5,29245
171,342,29241,5,29588
172,344,29584,5,29933
173,346,29929,5,30280
174,348,30276,5,30629
175,350,30625,5,30980
176,352,30976,5,31333
177,354,31329,5,31688
178,356,31684,5,32045
179,358,32041,5,32404
180,360,32400,5,32765
181,362,32761,5,33128
182,364,33124,5,33493
183,366,33489,5,33860
184,368,33856,5,34229
185,370,34225,5,34600
186,372,34596,5,34973
187,374,34969,5,35348
188,376,35344,5,35725
189,378,35721,5,36104
190,380,36100,5,36485
191,382,36481,5,36868
192,384,36864,5,37253
193,386,37249,5,37640
194,388,37636,5,38029
195,390,38025,5,38420
196,392,38416,5,38813
197,394,38809,5,39208
198,396,39204,5,39605
199,398,39601,5,40004
200,400,40000,5,40405
201,402,40401,5,40808
202,404,40804,5,41213
203,406,41209,5,41620
204,408,41616,5,42029
205,410,42025,5,42440
206,412,42436,5,42853
207,414,42849,5,43268
208,416,43264,5,43685
209,418,43681,5,44104
210,420,44100,5,44525
211,422,44521,5,44948
212,424,44944,5,45373
213,426,45369,5,45800
214,428,45796,5,46229
215,430,46225,5,46660
216,432,46656,5,47093
217,434,47089,5,47528
218,436,47524,5,47965
219,438,47961,5,48404
220,440,48400,5,48845
221,442,48841,5,49288
222,444,49284,5,49733
223,446,49729,5,50180
224,448,50176,5,50629
225,450,50625,5,51080
226,452,51076,5,51533
227,454,51529,5,51988
228,456,51984,5,52445
229,458,52441,5,52904
230,460,52900,5,53365
231,462,53361,5,53828
232,464,53824,5,54293
233,466,54289,5,54760
234,468,54756,5,55229
235,470,55225,5,55700
236,472,55696,5,56173
237,474,56169,5,56648
238,476,56644,5,57125
239,478,57121,5,57604
240,480,57600,5,58085
241,482,58081,5,58568
242,484,58564,5,59053
243,486,59049,5,59540
244,488,59536,5,60029
245,490,60025,5,60520
246,492,60516,5,61013
247,494,61009,5,61508
248,496,61504,5,62005
249,498,62001,5,62504
250,500,62500,5,63005
251,502,63001,5,63508
252,504,63504,5,64013
253,506,64009,5,64520
254,508,64516,5,65029
255,510,65025,5,65540
256,512,65536,5,66053
257,514,66049,5,66568
258,516,66564,5,67085
259,518,67081,5,67604
260,520,67600,5,68125
261,522,68121,5,68648
262,524,68644,5,69173
263,526,69169,5,69700
264,528,69696,5,70229
265,530,70225,5,70760
266,532,70756,5,71293
267,534,71289,5,71828
268,536,71824,5,72365
269,538,72361,5,72904
270,540,72900,5,73445
271,542,73441,5,73988
272,544,73984,5,74533
273,546,74529,5,75080
274,548,75076,5,75629
275,550,75625,5,76180
276,552,76176,5,76733
277,554,76729,5,77288
278,556,77284,5,77845
279,558,77841,5,78404
280,560,78400,5,78965
281,562,78961,5,79528
282,564,79524,5,80093
283,566,80089,5,80660
284,568,80656,5,81229
285,570,81225,5,81800
286,572,81796,5,82373
287,574,82369,5,82948
288,576,82944,5,83525
289,578,83521,5,84104
290,580,84100,5,84685
291,582,84681,5,85268
292,584,85264,5,85853
293,586,85849,5,86440
294,588,86436,5,87029
295,590,87025,5,87620
296,592,87616,5,88213
297,594,88209,5,88808
298,596,88804,5,89405
299,598,89401,5,90004
300,600,90000,5,90605
301,602,90601,5,91208
302,604,91204,5,91813
303,606,91809,5,92420
304,608,92416,5,93029
305,610,93025,5,93640
306,612,93636,5,94253
307,614,94249,5,94868
308,616,94864,5,95485
309,618,95481,5,96104
310,620,96100,5,96725
311,622,96721,5,97348
312,624,97344,5,97973
313,626,97969,5,98600
314,628,98596,5,99229
315,630,99225,5,99860
316,632,99856,5,100493
317,634,100489,5,101128
318,636,101124,5,101765
319,638,101761,5,102404
320,640,102400,5,103045
321,642,103041,5,103688
322,644,103684,5,104333
323,646,104329,5,104980
324,648,104976,5,105629
325,650,105625,5,106280
326,652,106276,5,106933
327,654,106929,5,107588
328,656,107584,5,108245
329,658,108241,5,108904
330,660,108900,5,109565
331,662,109561,5,110228
332,664,110224,5,110893
333,666,110889,5,111560
334,668,111556,5,112229
335,670,112225,5,112900
336,672,112896,5,113573
337,674,113569,5,114248
338,676,114244,5,114925
339,678,114921,5,115604
340,680,115600,5,116285
341,682,116281,5,116968
342,684,116964,5,117653
343,686,117649,5,118340
344,688,118336,5,119029
345,690,119025,5,119720
346,692,119716,5,120413
347,694,120409,5,121108
348,696,121104,5,121805
349,698,121801,5,122504
350,700,122500,5,123205
351,702,123201,5,123908
352,704,123904,5,124613
353,706,124609,5,125320
354,708,125316,5,126029
355,710,126025,5,126740
356,712,126736,5,127453
357,714,127449,5,128168
358,716,128164,5,128885
359,718,128881,5,129604
360,720,129600,5,130325
361,722,130321,5,131048
362,724,131044,5,131773
363,726,131769,5,132500
364,728,132496,5,133229
365,730,133225,5,133960
366,732,133956,5,134693
367,734,134689,5,135428
368,736,135424,5,136165
369,738,136161,5,136904
370,740,136900,5,137645
371,742,137641,5,138388
372,744,138384,5,139133
373,746,139129,5,139880
374,748,139876,5,140629
375,750,140625,5,141380
376,752,141376,5,142133
377,754,142129,5,142888
378,756,142884,5,143645
379,758,143641,5,144404
380,760,144400,5,145165
381,762,145161,5,145928
382,764,145924,5,146693
383,766,146689,5,147460
384,768,147456,5,148229
385,770,148225,5,149000
386,772,148996,5,149773
387,774,149769,5,150548
388,776,150544,5,151325
389,778,151321,5,152104
390,780,152100,5,152885
391,782,152881,5,153668
392,784,153664,5,154453
393,786,154449,5,155240
394,788,155236,5,156029
395,790,156025,5,156820
396,792,156816,5,157613
397,794,157609,5,158408
398,796,158404,5,159205
399,798,159201,5,160004
400,800,160000,5,160805
401,802,160801,5,161608
402,804,161604,5,162413
403,806,162409,5,163220
404,808,163216,5,164029
405,810,164025,5,164840
406,812,164836,5,165653
407,814,165649,5,166468
408,816,166464,5,167285
409,818,167281,5,168104
410,820,168100,5,168925
411,822,168921,5,169748
412,824,169744,5,170573
413,826,170569,5,171400
414,828,171396,5,172229
415,830,172225,5,173060
416,832,173056,5,173893
417,834,173889,5,174728
418,836,174724,5,175565
419,838,175561,5,176404
420,840,176400,5,177245
421,842,177241,5,178088
422,844,178084,5,178933
423,846,178929,5,179780
424,848,179776,5,180629
425,850,180625,5,181480
426,852,181476,5,182333
427,854,182329,5,183188
428,856,183184,5,184045
429,858,184041,5,184904
430,860,184900,5,185765
431,862,185761,5,186628
432,864,186624,5,187493
433,866,187489,5,188360
434,868,188356,5,189229
435,870,189225,5,190100
436,872,190096,5,190973
437,874,190969,5,191848
438,876,191844,5,192725
439,878,192721,5,193604
440,880,193600,5,194485
441,882,194481,5,195368
442,884,195364,5,196253
443,886,196249,5,197140
444,888,197136,5,198029
445,890,198025,5,198920
446,892,198916,5,199813
447,894,199809,5,200708
448,896,200704,5,201605
449,898,201601,5,202504
450,900,202500,5,203405
451,902,203401,5,204308
452,904,204304,5,205213
453,906,205209,5,206120
454,908,206116,5,207029
455,910,207025,5,207940
456,912,207936,5,208853
457,914,208849,5,209768
458,916,209764,5,210685
459,918,210681,5,211604
460,920,211600,5,212525
461,922,212521,5,213448
462,924,213444,5,214373
463,926,214369,5,215300
464,928,215296,5,216229
465,930,216225,5,217160
466,932,217156,5,218093
467,934,218089,5,219028
468,936,219024,5,219965
469,938,219961,5,220904
470,940,220900,5,221845
471,942,221841,5,222788
472,944,222784,5,223733
473,946,223729,5,224680
474,948,224676,5,225629
475,950,225625,5,226580
476,952,226576,5,227533
477,954,227529,5,228488
478,956,228484,5,229445
479,958,229441,5,230404
480,960,230400,5,231365
481,962,231361,5,232328
482,964,232324,5,233293
483,966,233289,5,234260
484,968,234256,5,235229
485,970,235225,5,236200
486,972,236196,5,237173
487,974,237169,5,238148
488,976,238144,5,239125
489,978,239121,5,240104
490,980,240100,5,241085
491,982,241081,5,242068
492,984,242064,5,243053
493,986,243049,5,244040
494,988,244036,5,245029
495,990,245025,5,246020
496,992,246016,5,247013
497,994,247009,5,248008
498,996,248004,5,249005
499,998,249001,5,250004
500,1000,250000,5,251005
501,1002,251001,5,252008
502,1004,252004,5,253013
503,1006,253009,5,254020
504,1008,254016,5,255029
505,1010,255025,5,256040
506,1012,256036,5,257053
507,1014,257049,5,258068
508,1016,258064,5,259085
509,1018,259081,5,260104
510,1020,260100,5,261125
511,1022,261121,5,262148
512,1024,262144,5,263173
513,1026,263169,5,264200
514,1028,264196,5,265229
515,1030,265225,5,266260
516,1032,266256,5,267293
517,1034,267289,5,268328
518,1036,268324,5,269365
519,1038,269361,5,270404
520,1040,270400,5,271445
521,1042,271441,5,272488
522,1044,272484,5,273533
523,1046,273529,5,274580
524,1048,274576,5,275629
525,1050,275625,5,276680
526,1052,276676,5,277733
527,1054,277729,5,278788
528,1056,278784,5,279845
529,1058,279841,5,280904
530,1060,280900,5,281965
531,1062,281961,5,283028
532,1064,283024,5,284093
533,1066,284089,5,285160
534,1068,285156,5,286229
535,1070,286225,5,287300
536,1072,287296,5,288373
537,1074,288369,5,289448
538,1076,289444,5,290525
539,1078,290521,5,291604
540,1080,291600,5,292685
541,1082,292681,5,293768
542,1084,293764,5,294853
543,1086,294849,5,295940
544,1088,295936,5,297029
545,1090,297025,5,298120
546,1092,298116,5,299213
547,1094,299209,5,300308
548,1096,300304,5,301405
549,1098,301401,5,302504
550,1100,302500,5,303605
551,1102,303601,5,304708
552,1104,304704,5,305813
553,1106,305809,5,306920
554,1108,306916,5,308029
555,1110,308025,5,309140
556,1112,309136,5,310253
557,1114,310249,5,311368
558,1116,311364,5,312485
559,1118,312481,5,313604
560,1120,313600,5,314725
561,1122,314721,5,315848
562,1124,315844,5,316973
563,1126,316969,5,318100
564,1128,318096,5,319229
565,1130,319225,5,320360
566,1132,320356,5,321493
567,1134,321489,5,322628
568,1136,322624,5,323765
569,1138,323761,5,324904
570,1140,324900,5,326045
571,1142,326041,5,327188
572,1144,327184,5,328333
573,1146,328329,5,329480
574,1148,329476,5,330629
575,1150,330625,5,331780
576,1152,331776,5,332933
577,1154,332929,5,334088
578,1156,334084,5,335245
579,1158,335241,5,336404
580,1160,336400,5,337565
581,1162,337561,5,338728
582,1164,338724,5,339893
583,1166,339889,5,341060
584,1168,341056,5,342229
585,1170,342225,5,343400
586,1172,343396,5,344573
587,1174,344569,5,345748
588,1176,345744,5,346925
589,1178,346921,5,348104
590,1180,348100,5,349285
591,1182,349281,5,350468
592,1184,350464,5,351653
593,1186,351649,5,352840
594,1188,352836,5,354029
595,1190,354025,5,355220
596,1192,355216,5,356413
597,1194,356409,5,357608
598,1196,357604,5,358805
599,1198,358801,5,360004
600,1200,360000,5,361205
601,1202,361201,5,362408
602,1204,362404,5,363613
603,1206,363609,5,364820
604,1208,364816,5,366029
605,1210,366025,5,367240
606,1212,367236,5,368453
607,1214,368449,5,369668
608,1216,369664,5,370885
609,1218,370881,5,372104
610,1220,372100,5,373325
611,1222,373321,5,374548
612,1224,374544,5,375773
613,1226,375769,5,377000
614,1228,376996,5,378229
615,1230,378225,5,379460
616,1232,379456,5,380693
617,1234,380689,5,381928
618,1236,381924,5,383165
619,1238,383161,5,384404
620,1240,384400,5,385645
621,1242,385641,5,386888
622,1244,386884,5,388133
623,1246,388129,5,389380
624,1248,389376,5,390629
625,1250,390625,5,391880
626,1252,391876,5,393133
627,1254,393129,5,394388
628,1256,394384,5,395645
629,1258,395641,5,396904
630,1260,396900,5,398165
631,1262,398161,5,399428
632,1264,399424,5,400693
633,1266,400689,5,401960
634,1268,401956,5,403229
635,1270,403225,5,404500
636,1272,404496,5,405773
637,1274,405769,5,407048
638,1276,407044,5,408325
639,1278,408321,5,409604
640,1280,409600,5,410885
641,1282,410881,5,412168
642,1284,412164,5,413453
643,1286,413449,5,414740
644,1288,414736,5,416029
645,1290,416025,5,417320
646,1292,417316,5,418613
647,1294,418609,5,419908
648,1296,419904,5,421205
649,1298,421201,5,422504
650,1300,422500,5,423805
651,1302,423801,5,425108
652,1304,425104,5,426413
653,1306,426409,5,427720
654,1308,427716,5,429029
655,1310,429025,5,430340
656,1312,430336,5,431653
657,1314,431649,5,432968
658,1316,432964,5,434285
659,1318,434281,5,435604
660,1320,435600,5,436925
661,1322,436921,5,438248
662,1324,438244,5,439573
663,1326,439569,5,440900
664,1328,440896,5,442229
665,1330,442225,5,443560
666,1332,443556,5,444893
667,1334,444889,5,446228
668,1336,446224,5,447565
669,1338,447561,5,448904
670,1340,448900,5,450245
671,1342,450241,5,451588
672,1344,451584,5,452933
673,1346,452929,5,454280
674,1348,454276,5,455629
675,1350,455625,5,456980
676,1352,456976,5,458333
677,1354,458329,5,459688
678,1356,459684,5,461045
679,1358,461041,5,462404
680,1360,462400,5,463765
681,1362,463761,5,465128
682,1364,465124,5,466493
683,1366,466489,5,467860
684,1368,467856,5,469229
685,1370,469225,5,470600
686,1372,470596,5,471973
687,1374,471969,5,473348
688,1376,473344,5,474725
689,1378,474721,5,476104
690,1380,476100,5,477485
691,1382,477481,5,478868
692,1384,478864,5,480253
693,1386,480249,5,481640
694,1388,481636,5,483029
695,1390,483025,5,484420
696,1392,484416,5,485813
697,1394,485809,5,487208
698,1396,487204,5,488605
699,1398,488601,5,490004
700,1400,490000,5,491405
701,1402,491401,5,492808
702,1404,492804,5,494213
703,1406,494209,5,495620
704,1408,495616,5,497029
705,1410,497025,5,498440
706,1412,498436,5,499853
707,1414,499849,5,501268
708,1416,501264,5,502685
709,1418,502681,5,504104
710,1420,504100,5,505525
711,1422,505521,5,506948
712,1424,506944,5,508373
713,1426,508369,5,509800
714,1428,509796,5,511229
715,1430,511225,5,512660
716,1432,512656,5,514093
717,1434,514089,5,515528
718,1436,515524,5,516965
719,1438,516961,5,518404
720,1440,518400,5,519845
721,1442,519841,5,521288
722,1444,521284,5,522733
723,1446,522729,5,524180
724,1448,524176,5,525629
725,1450,525625,5,527080
726,1452,527076,5,528533
727,1454,528529,5,529988
728,1456,529984,5,531445
729,1458,531441,5,532904
730,1460,532900,5,534365
731,1462,534361,5,535828
732,1464,535824,5,537293
733,1466,537289,5,538760
734,1468,538756,5,540229
735,1470,540225,5,541700
736,1472,541696,5,543173
737,1474,543169,5,544648
738,1476,544644,5,546125
739,1478,546121,5,547604
740,1480,547600,5,549085
741,1482,549081,5,550568
742,1484,550564,5,552053
743,1486,552049,5,553540
744,1488,553536,5,555029
745,1490,555025,5,556520
746,1492,556516,5,558013
747,1494,558009,5,559508
748,1496,559504,5,561005
749,1498,561001,5,562504
750,1500,562500,5,564005
751,1502,564001,5,565508
752,1504,565504,5,567013
753,1506,567009,5,568520
754,1508,568516,5,570029
755,1510,570025,5,571540
756,1512,571536,5,573053
757,1514,573049,5,574568
758,1516,574564,5,576085
759,1518,576081,5,577604
760,1520,577600,5,579125
761,1522,579121,5,580648
762,1524,580644,5,582173
763,1526,582169,5,583700
764,1528,583696,5,585229
765,1530,585225,5,586760
766,1532,586756,5,588293
767,1534,588289,5,589828
768,1536,589824,5,591365
769,1538,591361,5,592904
770,1540,592900,5,594445
771,1542,594441,5,595988
772,1544,595984,5,597533
773,1546,597529,5,599080
774,1548,599076,5,600629
775,1550,600625,5,602180
776,1552,602176,5,603733
777,1554,603729,5,605288
778,1556,605284,5,606845
779,1558,606841,5,608404
780,1560,608400,5,609965
781,1562,609961,5,611528
782,1564,611524,5,613093
783,1566,613089,5,614660
784,1568,614656,5,616229
785,1570,616225,5,617800
786,1572,617796,5,619373
787,1574,619369,5,620948
788,1576,620944,5,622525
789,1578,622521,5,624104
790,1580,624100,5,625685
791,1582,625681,5,627268
792,1584,627264,5,628853
793,1586,628849,5,630440
794,1588,630436,5,632029
795,1590,632025,5,633620
796,1592,633616,5,635213
797,1594,635209,5,636808
798,1596,636804,5,638405
799,1598,638401,5,640004
800,1600,640000,5,641605
801,1602,641601,5,643208
802,1604,643204,5,644813
803,1606,644809,5,646420
804,1608,646416,5,648029
805,1610,648025,5,649640
806,1612,649636,5,651253
807,1614,651249,5,652868
808,1616,652864,5,654485
809,1618,654481,5,656104
810,1620,656100,5,657725
811,1622,657721,5,659348
812,1624,659344,5,660973
813,1626,660969,5,662600
814,1628,662596,5,664229
815,1630,664225,5,665860
816,1632,665856,5,667493
817,1634,667489,5,669128
818,1636,669124,5,670765
819,1638,670761,5,672404
820,1640,672400,5,674045
821,1642,674041,5,675688
822,1644,675684,5,677333
823,1646,677329,5,678980
824,1648,678976,5,680629
825,1650,680625,5,682280
826,1652,682276,5,683933
827,1654,683929,5,685588
828,1656,685584,5,687245
829,1658,687241,5,688904
830,1660,688900,5,690565
831,1662,690561,5,692228
832,1664,692224,5,693893
833,1666,693889,5,695560
834,1668,695556,5,697229
835,1670,697225,5,698900
836,1672,698896,5,700573
837,1674,700569,5,702248
838,1676,702244,5,703925
839,1678,703921,5,705604
840,1680,705600,5,707285
841,1682,707281,5,708968
842,1684,708964,5,710653
843,1686,710649,5,712340
844,1688,712336,5,714029
845,1690,714025,5,715720
846,1692,715716,5,717413
847,1694,717409,5,719108
848,1696,719104,5,720805
849,1698,720801,5,722504
850,1700,722500,5,724205
851,1702,724201,5,725908
852,1704,725904,5,727613
853,1706,727609,5,729320
854,1708,729316,5,731029
855,1710,731025,5,732740
856,1712,732736,5,734453
857,1714,734449,5,736168
858,1716,736164,5,737885
859,1718,737881,5,739604
860,1720,739600,5,741325
861,1722,741321,5,743048
862,1724,743044,5,744773
863,1726,744769,5,746500
864,1728,746496,5,748229
865,1730,748225,5,749960
866,1732,749956,5,751693
867,1734,751689,5,753428
868,1736,753424,5,755165
869,1738,755161,5,756904
870,1740,756900,5,758645
871,1742,758641,5,760388
872,1744,760384,5,762133
873,1746,762129,5,763880
874,1748,763876,5,765629
875,1750,765625,5,767380
876,1752,767376,5,769133
877,1754,769129,5,770888
878,1756,770884,5,772645
879,1758,772641,5,774404
880,1760,774400,5,776165
881,1762,776161,5,777928
882,1764,777924,5,779693
883,1766,779689,5,781460
884,1768,781456,5,783229
885,1770,783225,5,785000
886,1772,784996,5,786773
887,1774,786769,5,788548
888,1776,788544,5,790325
889,1778,790321,5,792104
890,1780,792100,5,793885
891,1782,793881,5,795668
892,1784,795664,5,797453
893,1786,797449,5,799240
894,1788,799236,5,801029
895,1790,801025,5,802820
896,1792,802816,5,804613
897,1794,804609,5,806408
898,1796,806404,5,808205
899,1798,808201,5,810004
900,1800,810000,5,811805
901,1802,811801,5,813608
902,1804,813604,5,815413
903,1806,815409,5,817220
904,1808,817216,5,819029
905,1810,819025,5,820840
906,1812,820836,5,822653
907,1814,822649,5,824468
908,1816,824464,5,826285
909,1818,826281,5,828104
910,1820,828100,5,829925
911,1822,829921,5,831748
912,1824,831744,5,833573
913,1826,833569,5,835400
914,1828,835396,5,837229
915,1830,837225,5,839060
916,1832,839056,5,840893
917,1834,840889,5,842728
918,1836,842724,5,844565
919,1838,844561,5,846404
920,1840,846400,5,848245
921,1842,848241,5,850088
922,1844,850084,5,851933
923,1846,851929,5,853780
924,1848,853776,5,855629
925,1850,855625,5,857480
926,1852,857476,5,859333
927,1854,859329,5,861188
928,1856,861184,5,863045
929,1858,863041,5,864904
930,1860,864900,5,866765
931,1862,866761,5,868628
932,1864,868624,5,870493
933,1866,870489,5,872360
934,1868,872356,5,874229
935,1870,874225,5,876100
936,1872,876096,5,877973
937,1874,877969,5,879848
938,1876,879844,5,881725
939,1878,881721,5,883604
940,1880,883600,5,885485
941,1882,885481,5,887368
942,1884,887364,5,889253
943,1886,889249,5,891140
944,1888,891136,5,893029
945,1890,893025,5,894920
946,1892,894916,5,896813
947,1894,896809,5,898708
948,1896,898704,5,900605
949,1898,900601,5,902504
950,1900,902500,5,904405
951,1902,904401,5,906308
952,1904,906304,5,908213
953,1906,908209,5,910120
954,1908,910116,5,912029
955,1910,912025,5,913940
956,1912,913936,5,915853
957,1914,915849,5,917768
958,1916,917764,5,919685
959,1918,919681,5,921604
960,1920,921600,5,923525
961,1922,923521,5,925448
962,1924,925444,5,927373
963,1926,927369,5,929300
964,1928,929296,5,931229
965,1930,931225,5,933160
966,1932,933156,5,935093
967,1934,935089,5,937028
968,1936,937024,5,938965
969,1938,938961,5,940904
970,1940,940900,5,942845
971,1942,942841,5,944788
972,1944,944784,5,946733
973,1946,946729,5,948680
974,1948,948676,5,950629
975,1950,950625,5,952580
976,1952,952576,5,954533
977,1954,954529,5,956488
978,1956,956484,5,958445
979,1958,958441,5,960404
980,1960,960400,5,962365
981,1962,962361,5,964328
982,1964,964324,5,966293
983,1966,966289,5,968260
984,1968,968256,5,970229
985,1970,970225,5,972200
986,1972,972196,5,974173
987,1974,974169,5,976148
988,1976,976144,5,978125
989,1978,978121,5,980104
990,1980,980100,5,982085
991,1982,982081,5,984068
992,1984,984064,5,986053
993,1986,986049,5,988040
994,1988,988036,5,990029
995,1990,990025,5,992020
996,1992,992016,5,994013
997,1994,994009,5,996008
998,1996,996004,5,998005
999,1998,998001,5,1000004
1000,2000,1000000,5,1002005
1001,2002,1002001,5,1004008
1002,2004,1004004,5,1006013
1003,2006,1006009,5,1008020
1004,2008,1008016,5,1010029
1005,2010,1010025,5,1012040
1006,2012,1012036,5,1014053
1007,2014,1014049,5,1016068
1008,2016,1016064,5,1018085
1009,2018,1018081,5,1020104
1010,2020,1020100,5,1022125
1011,2022,1022121,5,1024148
1012,2024,1024144,5,1026173
1013,2026,1026169,5,1028200
1014,2028,1028196,5,1030229
1015,2030,1030225,5,1032260
1016,2032,1032256,5,1034293
1017,2034,1034289,5,1036328
1018,2036,1036324,5,1038365
1019,2038,1038361,5,1040404
1020,2040,1040400,5,1042445
1021,2042,1042441,5,1044488
1022,2044,1044484,5,1046533
1023,2046,1046529,5,1048580
1024,2048,1048576,5,1050629
1025,2050,1050625,5,1052680
1026,2052,1052676,5,1054733
1027,2054,1054729,5,1056788
1028,2056,1056784,5,1058845
1029,2058,1058841,5,1060904
1030,2060,1060900,5,1062965
1031,2062,1062961,5,1065028
1032,2064,1065024,5,1067093
1033,2066,1067089,5,1069160
1034,2068,1069156,5,1071229
1035,2070,1071225,5,1073300
1036,2072,1073296,5,1075373
1037,2074,1075369,5,1077448
1038,2076,1077444,5,1079525
1039,2078,1079521,5,1081604
1040,2080,1081600,5,1083685
1041,2082,1083681,5,1085768
1042,2084,1085764,5,1087853
1043,2086,1087849,5,1089940
1044,2088,1089936,5,1092029
1045,2090,1092025,5,1094120
1046,2092,1094116,5,1096213
1047,2094,1096209,5,1098308
1048,2096,1098304,5,1100405
1049,2098,1100401,5,1102504
1050,2100,1102500,5,1104605
1051,2102,1104601,5,1106708
1052,2104,1106704,5,1108813
1053,2106,1108809,5,1110920
1054,2108,1110916,5,1113029
1055,2110,1113025,5,1115140
1056,2112,1115136,5,1117253
1057,2114,1117249,5,1119368
1058,2116,1119364,5,1121485
1059,2118,1121481,5,1123604
1060,2120,1123600,5,1125725
1061,2122,1125721,5,1127848
1062,2124,1127844,5,1129973
1063,2126,1129969,5,1132100
1064,2128,1132096,5,1134229
1065,2130,1134225,5,1136360
1066,2132,1136356,5,1138493
1067,2134,1138489,5,1140628
1068,2136,1140624,5,1142765
1069,2138,1142761,5,1144904
1070,2140,1144900,5,1147045
1071,2142,1147041,5,1149188
1072,2144,1149184,5,1151333
1073,2146,1151329,5,1153480
1074,2148,1153476,5,1155629
1075,2150,1155625,5,1157780
1076,2152,1157776,5,1159933
1077,2154,1159929,5,1162088
1078,2156,1162084,5,1164245
1079,2158,1164241,5,1166404
1080,2160,1166400,5,1168565
1081,2162,1168561,5,1170728
1082,2164,1170724,5,1172893
1083,2166,1172889,5,1175060
1084,2168,1175056,5,1177229
1085,2170,1177225,5,1179400
1086,2172,1179396,5,1181573
1087,2174,1181569,5,1183748
1088,2176,1183744,5,1185925
1089,2178,1185921,5,1188104
1090,2180,1188100,5,1190285
1091,2182,1190281,5,1192468
1092,2184,1192464,5,1194653
1093,2186,1194649,5,1196840
1094,2188,1196836,5,1199029
1095,2190,1199025,5,1201220
1096,2192,1201216,5,1203413
1097,2194,1203409,5,1205608
1098,2196,1205604,5,1207805
1099,2198,1207801,5,1210004
1100,2200,1210000,5,1212205
1101,2202,1212201,5,1214408
1102,2204,1214404,5,1216613
1103,2206,1216609,5,1218820
1104,2208,1218816,5,1221029
1105,2210,1221025,5,1223240
1106,2212,1223236,5,1225453
1107,2214,1225449,5,1227668
1108,2216,1227664,5,1229885
1109,2218,1229881,5,1232104
1110,2220,1232100,5,1234325
1111,2222,1234321,5,1236548
1112,2224,1236544,5,1238773
1113,2226,1238769,5,1241000
1114,2228,1240996,5,1243229
1115,2230,1243225,5,1245460
1116,2232,1245456,5,1247693
1117,2234,1247689,5,1249928
1118,2236,1249924,5,1252165
1119,2238,1252161,5,1254404
1120,2240,1254400,5,1256645
1121,2242,1256641,5,1258888
1122,2244,1258884,5,1261133
1123,2246,1261129,5,1263380
1124,2248,1263376,5,1265629
1125,2250,1265625,5,1267880
1126,2252,1267876,5,1270133
1127,2254,1270129,5,1272388
1128,2256,1272384,5,1274645
1129,2258,1274641,5,1276904
1130,2260,1276900,5,1279165
1131,2262,1279161,5,1281428
1132,2264,1281424,5,1283693
1133,2266,1283689,5,1285960
1134,2268,1285956,5,1288229
1135,2270,1288225,5,1290500
1136,2272,1290496,5,1292773
1137,2274,1292769,5,1295048
1138,2276,1295044,5,1297325
1139,2278,1297321,5,1299604
1140,2280,1299600,5,1301885
1141,2282,1301881,5,1304168
1142,2284,1304164,5,1306453
1143,2286,1306449,5,1308740
1144,2288,1308736,5,1311029
1145,2290,1311025,5,1313320
1146,2292,1313316,5,1315613
1147,2294,1315609,5,1317908
1148,2296,1317904,5,1320205
1149,2298,1320201,5,1322504
1150,2300,1322500,5,1324805
1151,2302,1324801,5,1327108
1152,2304,1327104,5,1329413
1153,2306,1329409,5,1331720
1154,2308,1331716,5,1334029
1155,2310,1334025,5,1336340
1156,2312,1336336,5,1338653
1157,2314,1338649,5,1340968
1158,2316,1340964,5,1343285
1159,2318,1343281,5,1345604
1160,2320,1345600,5,1347925
1161,2322,1347921,5,1350248
1162,2324,1350244,5,1352573
1163,2326,1352569,5,1354900
1164,2328,1354896,5,1357229
1165,2330,1357225,5,1359560
1166,2332,1359556,5,1361893
1167,2334,1361889,5,1364228
1168,2336,1364224,5,1366565
1169,2338,1366561,5,1368904
1170,2340,1368900,5,1371245
1171,2342,1371241,5,1373588
1172,2344,1373584,5,1375933
1173,2346,1375929,5,1378280
1174,2348,1378276,5,1380629
1175,2350,1380625,5,1382980
1176,2352,1382976,5,1385333
1177,2354,1385329,5,1387688
1178,2356,1387684,5,1390045
1179,2358,1390041,5,1392404
1180,2360,1392400,5,1394765
1181,2362,1394761,5,1397128
1182,2364,1397124,5,1399493
1183,2366,1399489,5,1401860
1184,2368,1401856,5,1404229
1185,2370,1404225,5,1406600
1186,2372,1406596,5,1408973
1187,2374,1408969,5,1411348
1188,2376,1411344,5,1413725
1189,2378,1413721,5,1416104
1190,2380,1416100,5,1418485
1191,2382,1418481,5,1420868
1192,2384,1420864,5,1423253
1193,2386,1423249,5,1425640
1194,2388,1425636,5,1428029
1195,2390,1428025,5,1430420
1196,2392,1430416,5,1432813
1197,2394,1432809,5,1435208
1198,2396,1435204,5,1437605
1199,2398,1437601,5,1440004
1200,2400,1440000,5,1442405
1201,2402,1442401,5,1444808
1202,2404,1444804,5,1447213
1203,2406,1447209,5,1449620
1204,2408,1449616,5,1452029
1205,2410,1452025,5,1454440
1206,2412,1454436,5,1456853
1207,2414,1456849,5,1459268
1208,2416,1459264,5,1461685
1209,2418,1461681,5,1464104
1210,2420,1464100,5,1466525
1211,2422,1466521,5,1468948
1212,2424,1468944,5,1471373
1213,2426,1471369,5,1473800
1214,2428,1473796,5,1476229
1215,2430,1476225,5,1478660
1216,2432,1478656,5,1481093
1217,2434,1481089,5,1483528
1218,2436,1483524,5,1485965
1219,2438,1485961,5,1488404
1220,2440,1488400,5,1490845
1221,2442,1490841,5,1493288
1222,2444,1493284,5,1495733
1223,2446,1495729,5,1498180
1224,2448,1498176,5,1500629
1225,2450,1500625,5,1503080
1226,2452,1503076,5,1505533
1227,2454,1505529,5,1507988
1228,2456,1507984,5,1510445
1229,2458,1510441,5,1512904
1230,2460,1512900,5,1515365
1231,2462,1515361,5,1517828
1232,2464,1517824,5,1520293
1233,2466,1520289,5,1522760
1234,2468,1522756,5,1525229
1235,2470,1525225,5,1527700
1236,2472,1527696,5,1530173
1237,2474,1530169,5,1532648
1238,2476,1532644,5,1535125
1239,2478,1535121,5,1537604
1240,2480,1537600,5,1540085
1241,2482,1540081,5,1542568
1242,2484,1542564,5,1545053
1243,2486,1545049,5,1547540
1244,2488,1547536,5,1550029
1245,2490,1550025,5,1552520
1246,2492,1552516,5,1555013
1247,2494,1555009,5,1557508
1248,2496,1557504,5,1560005
1249,2498,1560001,5,1562504
1250,2500,1562500,5,1565005
1251,2502,1565001,5,1567508
1252,2504,1567504,5,1570013
1253,2506,1570009,5,1572520
1254,2508,1572516,5,1575029
1255,2510,1575025,5,1577540
1256,2512,1577536,5,1580053
1257,2514,1580049,5,1582568
1258,2516,1582564,5,1585085
1259,2518,1585081,5,1587604
1260,2520,1587600,5,1590125
1261,2522,1590121,5,1592648
1262,2524,1592644,5,1595173
1263,2526,1595169,5,1597700
1264,2528,1597696,5,1600229
1265,2530,1600225,5,1602760
1266,2532,1602756,5,1605293
1267,2534,1605289,5,1607828
1268,2536,1607824,5,1610365
1269,2538,1610361,5,1612904
1270,2540,1612900,5,1615445
1271,2542,1615441,5,1617988
1272,2544,1617984,5,1620533
1273,2546,1620529,5,1623080
1274,2548,1623076,5,1625629
1275,2550,1625625,5,1628180
1276,2552,1628176,5,1630733
1277,2554,1630729,5,1633288
1278,2556,1633284,5,1635845
1279,2558,1635841,5,1638404
1280,2560,1638400,5,1640965
1281,2562,1640961,5,1643528
1282,2564,1643524,5,1646093
1283,2566,1646089,5,1648660
1284,2568,1648656,5,1651229
1285,2570,1651225,5,1653800
1286,2572,1653796,5,1656373
1287,2574,1656369,5,1658948
1288,2576,1658944,5,1661525
1289,2578,1661521,5,1664104
1290,2580,1664100,5,1666685
1291,2582,1666681,5,1669268
1292,2584,1669264,5,1671853
1293,2586,1671849,5,1674440
1294,2588,1674436,5,1677029
1295,2590,1677025,5,1679620
1296,2592,1679616,5,1682213
1297,2594,1682209,5,1684808
1298,2596,1684804,5,1687405
1299,2598,1687401,5,1690004
1300,2600,1690000,5,1692605
1301,2602,1692601,5,1695208
1302,2604,1695204,5,1697813
1303,2606,1697809,5,1700420
1304,2608,1700416,5,1703029
1305,2610,1703025,5,1705640
1306,2612,1705636,5,1708253
1307,2614,1708249,5,1710868
1308,2616,1710864,5,1713485
1309,2618,1713481,5,1716104
1310,2620,1716100,5,1718725
1311,2622,1718721,5,1721348
1312,2624,1721344,5,1723973
1313,2626,1723969,5,1726600
1314,2628,1726596,5,1729229
1315,2630,1729225,5,1731860
1316,2632,1731856,5,1734493
1317,2634,1734489,5,1737128
1318,2636,1737124,5,1739765
1319,2638,1739761,5,1742404
1320,2640,1742400,5,1745045
1321,2642,1745041,5,1747688
1322,2644,1747684,5,1750333
1323,2646,1750329,5,1752980
1324,2648,1752976,5,1755629
1325,2650,1755625,5,1758280
1326,2652,1758276,5,1760933
1327,2654,1760929,5,1763588
1328,2656,1763584,5,1766245
1329,2658,1766241,5,1768904
1330,2660,1768900,5,1771565
1331,2662,1771561,5,1774228
1332,2664,1774224,5,1776893
1333,2666,1776889,5,1779560
1334,2668,1779556,5,1782229
1335,2670,1782225,5,1784900
1336,2672,1784896,5,1787573
1337,2674,1787569,5,1790248
1338,2676,1790244,5,1792925
1339,2678,1792921,5,1795604
1340,2680,1795600,5,1798285
1341,2682,1798281,5,1800968
1342,2684,1800964,5,1803653
1343,2686,1803649,5,1806340
1344,2688,1806336,5,1809029
1345,2690,1809025,5,1811720
1346,2692,1811716,5,1814413
1347,2694,1814409,5,1817108
1348,2696,1817104,5,1819805
1349,2698,1819801,5,1822504
1350,2700,1822500,5,1825205
1351,2702,1825201,5,1827908
1352,2704,1827904,5,1830613
1353,2706,1830609,5,1833320
1354,2708,1833316,5,1836029
1355,2710,1836025,5,1838740
1356,2712,1838736,5,1841453
1357,2714,1841449,5,1844168
1358,2716,1844164,5,1846885
1359,2718,1846881,5,1849604
1360,2720,1849600,5,1852325
1361,2722,1852321,5,1855048
1362,2724,1855044,5,1857773
1363,2726,1857769,5,1860500
1364,2728,1860496,5,1863229
1365,2730,1863225,5,1865960
1366,2732,1865956,5,1868693
1367,2734,1868689,5,1871428
1368,2736,1871424,5,1874165
1369,2738,1874161,5,1876904
1370,2740,1876900,5,1879645
1371,2742,1879641,5,1882388
1372,2744,1882384,5,1885133
1373,2746,1885129,5,1887880
1374,2748,1887876,5,1890629
1375,2750,1890625,5,1893380
1376,2752,1893376,5,1896133
1377,2754,1896129,5,1898888
1378,2756,1898884,5,1901645
1379,2758,1901641,5,1904404
1380,2760,1904400,5,1907165
1381,2762,1907161,5,1909928
1382,2764,1909924,5,1912693
1383,2766,1912689,5,1915460
1384,2768,1915456,5,1918229
1385,2770,1918225,5,1921000
1386,2772,1920996,5,1923773
1387,2774,1923769,5,1926548
1388,2776,1926544,5,1929325
1389,2778,1929321,5,1932104
1390,2780,1932100,5,1934885
1391,2782,1934881,5,1937668
1392,2784,1937664,5,1940453
1393,2786,1940449,5,1943240
1394,2788,1943236,5,1946029
1395,2790,1946025,5,1948820
1396,2792,1948816,5,1951613
1397,2794,1951609,5,1954408
1398,2796,1954404,5,1957205
1399,2798,1957201,5,1960004
1400,2800,1960000,5,1962805
1401,2802,1962801,5,1965608
1402,2804,1965604,5,1968413
1403,2806,1968409,5,1971220
1404,2808,1971216,5,1974029
1405,2810,1974025,5,1976840
1406,2812,1976836,5,1979653
1407,2814,1979649,5,1982468
1408,2816,1982464,5,1985285
1409,2818,1985281,5,1988104
1410,2820,1988100,5,1990925
1411,2822,1990921,5,1993748
1412,2824,1993744,5,1996573
1413,2826,1996569,5,1999400
1414,2828,1999396,5,2002229
1415,2830,2002225,5,2005060
1416,2832,2005056,5,2007893
1417,2834,2007889,5,2010728
1418,2836,2010724,5,2013565
1419,2838,2013561,5,2016404
1420,2840,2016400,5,2019245
1421,2842,2019241,5,2022088
1422,2844,2022084,5,2024933
1423,2846,2024929,5,2027780
1424,2848,2027776,5,2030629
1425,2850,2030625,5,2033480
1426,2852,2033476,5,2036333
1427,2854,2036329,5,2039188
1428,2856,2039184,5,2042045
1429,2858,2042041,5,2044904
1430,2860,2044900,5,2047765
1431,2862,2047761,5,2050628
1432,2864,2050624,5,2053493
1433,2866,2053489,5,2056360
1434,2868,2056356,5,2059229
1435,2870,2059225,5,2062100
1436,2872,2062096,5,2064973
1437,2874,2064969,5,2067848
1438,2876,2067844,5,2070725
1439,2878,2070721,5,2073604
1440,2880,2073600,5,2076485
1441,2882,2076481,5,2079368
1442,2884,2079364,5,2082253
1443,2886,2082249,5,2085140
1444,2888,2085136,5,2088029
1445,2890,2088025,5,2090920
1446,2892,2090916,5,2093813
1447,2894,2093809,5,2096708
1448,2896,2096704,5,2099605
1449,2898,2099601,5,2102504
1450,2900,2102500,5,2105405
1451,2902,2105401,5,2108308
1452,2904,2108304,5,2111213
1453,2906,2111209,5,2114120
1454,2908,2114116,5,2117029
1455,2910,2117025,5,2119940
1456,2912,2119936,5,2122853
1457,2914,2122849,5,2125768
1458,2916,2125764,5,2128685
1459,2918,2128681,5,2131604
1460,2920,2131600,5,2134525
1461,2922,2134521,5,2137448
1462,2924,2137444,5,2140373
1463,2926,2140369,5,2143300
1464,2928,2143296,5,2146229
1465,2930,2146225,5,2149160
1466,2932,2149156,5,2152093
1467,2934,2152089,5,2155028
1468,2936,2155024,5,2157965
1469,2938,2157961,5,2160904
1470,2940,2160900,5,2163845
1471,2942,2163841,5,2166788
1472,2944,2166784,5,2169733
1473,2946,2169729,5,2172680
1474,2948,2172676,5,2175629
1475,2950,2175625,5,2178580
1476,2952,2178576,5,2181533
1477,2954,2181529,5,2184488
1478,2956,2184484,5,2187445
1479,2958,2187441,5,2190404
1480,2960,2190400,5,2193365
1481,2962,2193361,5,2196328
1482,2964,2196324,5,2199293
1483,2966,2199289,5,2202260
1484,2968,2202256,5,2205229
1485,2970,2205225,5,2208200
1486,2972,2208196,5,2211173
1487,2974,2211169,5,2214148
1488,2976,2214144,5,2217125
1489,2978,2217121,5,2220104
1490,2980,2220100,5,2223085
1491,2982,2223081,5,2226068
1492,2984,2226064,5,2229053
1493,2986,2229049,5,2232040
1494,2988,2232036,5,2235029
1495,2990,2235025,5,2238020
1496,2992,2238016,5,2241013
1497,2994,2241009,5,2244008
1498,2996,2244004,5,2247005
1499,2998,2247001,5,2250004
1500,3000,2250000,5,2253005
1501,3002,2253001,5,2256008
1502,3004,2256004,5,2259013
1503,3006,2259009,5,2262020
1504,3008,2262016,5,2265029
1505,3010,2265025,5,2268040
1506,3012,2268036,5,2271053
1507,3014,2271049,5,2274068
1508,3016,2274064,5,2277085
1509,3018,2277081,5,2280104
1510,3020,2280100,5,2283125
1511,3022,2283121,5,2286148
1512,3024,2286144,5,2289173
1513,3026,2289169,5,2292200
1514,3028,2292196,5,2295229
1515,3030,2295225,5,2298260
1516,3032,2298256,5,2301293
1517,3034,2301289,5,2304328
1518,3036,2304324,5,2307365
1519,3038,2307361,5,2310404
1520,3040,2310400,5,2313445
1521,3042,2313441,5,2316488
1522,3044,2316484,5,2319533
1523,3046,2319529,5,2322580
1524,3048,2322576,5,2325629
1525,3050,2325625,5,2328680
1526,3052,2328676,5,2331733
1527,3054,2331729,5,2334788
1528,3056,2334784,5,2337845
1529,3058,2337841,5,2340904
1530,3060,2340900,5,2343965
1531,3062,2343961,5,2347028
1532,3064,2347024,5,2350093
1533,3066,2350089,5,2353160
1534,3068,2353156,5,2356229
1535,3070,2356225,5,2359300
1536,3072,2359296,5,2362373
1537,3074,2362369,5,2365448
1538,3076,2365444,5,2368525
1539,3078,2368521,5,2371604
1540,3080,2371600,5,2374685
1541,3082,2374681,5,2377768
1542,3084,2377764,5,2380853
1543,3086,2380849,5,2383940
1544,3088,2383936,5,2387029
1545,3090,2387025,5,2390120
1546,3092,2390116,5,2393213
1547,3094,2393209,5,2396308
1548,3096,2396304,5,2399405
1549,3098,2399401,5,2402504
1550,3100,2402500,5,2405605
1551,3102,2405601,5,2408708
1552,3104,2408704,5,2411813
1553,3106,2411809,5,2414920
1554,3108,2414916,5,2418029
1555,3110,2418025,5,2421140
1556,3112,2421136,5,2424253
1557,3114,2424249,5,2427368
1558,3116,2427364,5,2430485
1559,3118,2430481,5,2433604
1560,3120,2433600,5,2436725
1561,3122,2436721,5,2439848
1562,3124,2439844,5,2442973
1563,3126,2442969,5,2446100
1564,3128,2446096,5,2449229
1565,3130,2449225,5,2452360
1566,3132,2452356,5,2455493
1567,3134,2455489,5,2458628
1568,3136,2458624,5,2461765
1569,3138,2461761,5,2464904
1570,3140,2464900,5,2468045
1571,3142,2468041,5,2471188
1572,3144,2471184,5,2474333
1573,3146,2474329,5,2477480
1574,3148,2477476,5,2480629
1575,3150,2480625,5,2483780
1576,3152,2483776,5,2486933
1577,3154,2486929,5,2490088
1578,3156,2490084,5,2493245
1579,3158,2493241,5,2496404
1580,3160,2496400,5,2499565
1581,3162,2499561,5,2502728
1582,3164,2502724,5,2505893
1583,3166,2505889,5,2509060
1584,3168,2509056,5,2512229
1585,3170,2512225,5,2515400
1586,3172,2515396,5,2518573
1587,3174,2518569,5,2521748
1588,3176,2521744,5,2524925
1589,3178,2524921,5,2528104
1590,3180,2528100,5,2531285
1591,3182,2531281,5,2534468
1592,3184,2534464,5,2537653
1593,3186,2537649,5,2540840
1594,3188,2540836,5,2544029
1595,3190,2544025,5,2547220
1596,3192,2547216,5,2550413
1597,3194,2550409,5,2553608
1598,3196,2553604,5,2556805
1599,3198,2556801,5,2560004
1600,3200,2560000,5,2563205
1601,3202,2563201,5,2566408
1602,3204,2566404,5,2569613
1603,3206,2569609,5,2572820
1604,3208,2572816,5,2576029
1605,3210,2576025,5,2579240
1606,3212,2579236,5,2582453
1607,3214,2582449,5,2585668
1608,3216,2585664,5,2588885
1609,3218,2588881,5,2592104
1610,3220,2592100,5,2595325
1611,3222,2595321,5,2598548
1612,3224,2598544,5,2601773
1613,3226,2601769,5,2605000
1614,3228,2604996,5,2608229
1615,3230,2608225,5,2611460
1616,3232,2611456,5,2614693
1617,3234,2614689,5,2617928
1618,3236,2617924,5,2621165
1619,3238,2621161,5,2624404
1620,3240,2624400,5,2627645
1621,3242,2627641,5,2630888
1622,3244,2630884,5,2634133
1623,3246,2634129,5,2637380
1624,3248,2637376,5,2640629
1625,3250,2640625,5,2643880
1626,3252,2643876,5,2647133
1627,3254,2647129,5,2650388
1628,3256,2650384,5,2653645
1629,3258,2653641,5,2656904
1630,3260,2656900,5,2660165
1631,3262,2660161,5,2663428
1632,3264,2663424,5,2666693
1633,3266,2666689,5,2669960
1634,3268,2669956,5,2673229
1635,3270,2673225,5,2676500
1636,3272,2676496,5,2679773
1637,3274,2679769,5,2683048
1638,3276,2683044,5,2686325
1639,3278,2686321,5,2689604
1640,3280,2689600,5,2692885
1641,3282,2692881,5,2696168
1642,3284,2696164,5,2699453
1643,3286,2699449,5,2702740
1644,3288,2702736,5,2706029
1645,3290,2706025,5,2709320
1646,3292,2709316,5,2712613
1647,3294,2712609,5,2715908
1648,3296,2715904,5,2719205
1649,3298,2719201,5,2722504
1650,3300,2722500,5,2725805
1651,3302,2725801,5,2729108
1652,3304,2729104,5,2732413
1653,3306,2732409,5,2735720
1654,3308,2735716,5,2739029
1655,3310,2739025,5,2742340
1656,3312,2742336,5,2745653
1657,3314,2745649,5,2748968
1658,3316,2748964,5,2752285
1659,3318,2752281,5,2755604
1660,3320,2755600,5,2758925
1661,3322,2758921,5,2762248
1662,3324,2762244,5,2765573
1663,3326,2765569,5,2768900
1664,3328,2768896,5,2772229
1665,3330,2772225,5,2775560
1666,3332,2775556,5,2778893
1667,3334,2778889,5,2782228
1668,3336,2782224,5,2785565
1669,3338,2785561,5,2788904
1670,3340,2788900,5,2792245
1671,3342,2792241,5,2795588
1672,3344,2795584,5,2798933
1673,3346,2798929,5,2802280
1674,3348,2802276,5,2805629
1675,3350,2805625,5,2808980
1676,3352,2808976,5,2812333
1677,3354,2812329,5,2815688
1678,3356,2815684,5,2819045
1679,3358,2819041,5,2822404
1680,3360,2822400,5,2825765
1681,3362,2825761,5,2829128
1682,3364,2829124,5,2832493
1683,3366,2832489,5,2835860
1684,3368,2835856,5,2839229
1685,3370,2839225,5,2842600
1686,3372,2842596,5,2845973
1687,3374,2845969,5,2849348
1688,3376,2849344,5,2852725
1689,3378,2852721,5,2856104
1690,3380,2856100,5,2859485
1691,3382,2859481,5,2862868
1692,3384,2862864,5,2866253
1693,3386,2866249,5,2869640
1694,3388,2869636,5,2873029
1695,3390,2873025,5,2876420
1696,3392,2876416,5,2879813
1697,3394,2879809,5,2883208
1698,3396,2883204,5,2886605
1699,3398,2886601,5,2890004
1700,3400,2890000,5,2893405
1701,3402,2893401,5,2896808
1702,3404,2896804,5,2900213
1703,3406,2900209,5,2903620
1704,3408,2903616,5,2907029
1705,3410,2907025,5,2910440
1706,3412,2910436,5,2913853
1707,3414,2913849,5,2917268
1708,3416,2917264,5,2920685
1709,3418,2920681,5,2924104
1710,3420,2924100,5,2927525
1711,3422,2927521,5,2930948
1712,3424,2930944,5,2934373
1713,3426,2934369,5,2937800
1714,3428,2937796,5,2941229
1715,3430,2941225,5,2944660
1716,3432,2944656,5,2948093
1717,3434,2948089,5,2951528
1718,3436,2951524,5,2954965
1719,3438,2954961,5,2958404
1720,3440,2958400,5,2961845
1721,3442,2961841,5,2965288
1722,3444,2965284,5,2968733
1723,3446,2968729,5,2972180
1724,3448,2972176,5,2975629
1725,3450,2975625,5,2979080
1726,3452,2979076,5,2982533
1727,3454,2982529,5,2985988
1728,3456,2985984,5,2989445
1729,3458,2989441,5,2992904
1730,3460,2992900,5,2996365
1731,3462,2996361,5,2999828
1732,3464,2999824,5,3003293
1733,3466,3003289,5,3006760
1734,3468,3006756,5,3010229
1735,3470,3010225,5,3013700
1736,3472,3013696,5,3017173
1737,3474,3017169,5,3020648
1738,3476,3020644,5,3024125
1739,3478,3024121,5,3027604
1740,3480,3027600,5,3031085
1741,3482,3031081,5,3034568
1742,3484,3034564,5,3038053
1743,3486,3038049,5,3041540
1744,3488,3041536,5,3045029
1745,3490,3045025,5,3048520
1746,3492,3048516,5,3052013
1747,3494,3052009,5,3055508
1748,3496,3055504,5,3059005
1749,3498,3059001,5,3062504
1750,3500,3062500,5,3066005
1751,3502,3066001,5,3069508
1752,3504,3069504,5,3073013
1753,3506,3073009,5,3076520
1754,3508,3076516,5,3080029
1755,3510,3080025,5,3083540
1756,3512,3083536,5,3087053
1757,3514,3087049,5,3090568
1758,3516,3090564,5,3094085
1759,3518,3094081,5,3097604
1760,3520,3097600,5,3101125
1761,3522,3101121,5,3104648
1762,3524,3104644,5,3108173
1763,3526,3108169,5,3111700
1764,3528,3111696,5,3115229
1765,3530,3115225,5,3118760
1766,3532,3118756,5,3122293
1767,3534,3122289,5,3125828
1768,3536,3125824,5,3129365
1769,3538,3129361,5,3132904
1770,3540,3132900,5,3136445
1771,3542,3136441,5,3139988
1772,3544,3139984,5,3143533
1773,3546,3143529,5,3147080
1774,3548,3147076,5,3150629
1775,3550,3150625,5,3154180
1776,3552,3154176,5,3157733
1777,3554,3157729,5,3161288
1778,3556,3161284,5,3164845
1779,3558,3164841,5,3168404
1780,3560,3168400,5,3171965
1781,3562,3171961,5,3175528
1782,3564,3175524,5,3179093
1783,3566,3179089,5,3182660
1784,3568,3182656,5,3186229
1785,3570,3186225,5,3189800
1786,3572,3189796,5,3193373
1787,3574,3193369,5,3196948
1788,3576,3196944,5,3200525
1789,3578,3200521,5,3204104
1790,3580,3204100,5,3207685
1791,3582,3207681,5,3211268
1792,3584,3211264,5,3214853
1793,3586,3214849,5,3218440
1794,3588,3218436,5,3222029
1795,3590,3222025,5,3225620
1796,3592,3225616,5,3229213
1797,3594,3229209,5,3232808
1798,3596,3232804,5,3236405
1799,3598,3236401,5,3240004
1800,3600,3240000,5,3243605
1801,3602,3243601,5,3247208
1802,3604,3247204,5,3250813
1803,3606,3250809,5,3254420
1804,3608,3254416,5,3258029
1805,3610,3258025,5,3261640
1806,3612,3261636,5,3265253
1807,3614,3265249,5,3268868
1808,3616,3268864,5,3272485
1809,3618,3272481,5,3276104
1810,3620,3276100,5,3279725
1811,3622,3279721,5,3283348
1812,3624,3283344,5,3286973
1813,3626,3286969,5,3290600
1814,3628,3290596,5,3294229
1815,3630,3294225,5,3297860
1816,3632,3297856,5,3301493
1817,3634,3301489,5,3305128
1818,3636,3305124,5,3308765
1819,3638,3308761,5,3312404
1820,3640,3312400,5,3316045
1821,3642,3316041,5,3319688
1822,3644,3319684,5,3323333
1823,3646,3323329,5,3326980
1824,3648,3326976,5,3330629
1825,3650,3330625,5,3334280
1826,3652,3334276,5,3337933
1827,3654,3337929,5,3341588
1828,3656,3341584,5,3345245
1829,3658,3345241,5,3348904
1830,3660,3348900,5,3352565
1831,3662,3352561,5,3356228
1832,3664,3356224,5,3359893
1833,3666,3359889,5,3363560
1834,3668,3363556,5,3367229
1835,3670,3367225,5,3370900
1836,3672,3370896,5,3374573
1837,3674,3374569,5,3378248
1838,3676,3378244,5,3381925
1839,3678,3381921,5,3385604
1840,3680,3385600,5,3389285
1841,3682,3389281,5,3392968
1842,3684,3392964,5,3396653
1843,3686,3396649,5,3400340
1844,3688,3400336,5,3404029
1845,3690,3404025,5,3407720
1846,3692,3407716,5,3411413
1847,3694,3411409,5,3415108
1848,3696,3415104,5,3418805
1849,3698,3418801,5,3422504
1850,3700,3422500,5,3426205
1851,3702,3426201,5,3429908
1852,3704,3429904,5,3433613
1853,3706,3433609,5,3437320
1854,3708,3437316,5,3441029
1855,3710,3441025,5,3444740
1856,3712,3444736,5,3448453
1857,3714,3448449,5,3452168
1858,3716,3452164,5,3455885
1859,3718,3455881,5,3459604
1860,3720,3459600,5,3463325
1861,3722,3463321,5,3467048
1862,3724,3467044,5,3470773
1863,3726,3470769,5,3474500
1864,3728,3474496,5,3478229
1865,3730,3478225,5,3481960
1866,3732,3481956,5,3485693
1867,3734,3485689,5,3489428
1868,3736,3489424,5,3493165
1869,3738,3493161,5,3496904
1870,3740,3496900,5,3500645
1871,3742,3500641,5,3504388
1872,3744,3504384,5,3508133
1873,3746,3508129,5,3511880
1874,3748,3511876,5,3515629
1875,3750,3515625,5,3519380
1876,3752,3519376,5,3523133
1877,3754,3523129,5,3526888
1878,3756,3526884,5,3530645
1879,3758,3530641,5,3534404
1880,3760,3534400,5,3538165
1881,3762,3538161,5,3541928
1882,3764,3541924,5,3545693
1883,3766,3545689,5,3549460
1884,3768,3549456,5,3553229
1885,3770,3553225,5,3557000
1886,3772,3556996,5,3560773
1887,3774,3560769,5,3564548
1888,3776,3564544,5,3568325
1889,3778,3568321,5,3572104
1890,3780,3572100,5,3575885
1891,3782,3575881,5,3579668
1892,3784,3579664,5,3583453
1893,3786,3583449,5,3587240
1894,3788,3587236,5,3591029
1895,3790,3591025,5,3594820
1896,3792,3594816,5,3598613
1897,3794,3598609,5,3602408
1898,3796,3602404,5,3606205
1899,3798,3606201,5,3610004
1900,3800,3610000,5,3613805
1901,3802,3613801,5,3617608
1902,3804,3617604,5,3621413
1903,3806,3621409,5,3625220
1904,3808,3625216,5,3629029
1905,3810,3629025,5,3632840
1906,3812,3632836,5,3636653
1907,3814,3636649,5,3640468
1908,3816,3640464,5,3644285
1909,3818,3644281,5,3648104
1910,3820,3648100,5,3651925
1911,3822,3651921,5,3655748
1912,3824,3655744,5,3659573
1913,3826,3659569,5,3663400
1914,3828,3663396,5,3667229
1915,3830,3667225,5,3671060
1916,3832,3671056,5,3674893
1917,3834,3674889,5,3678728
1918,3836,3678724,5,3682565
1919,3838,3682561,5,3686404
1920,3840,3686400,5,3690245
1921,3842,3690241,5,3694088
1922,3844,3694084,5,3697933
1923,3846,3697929,5,3701780
1924,3848,3701776,5,3705629
1925,3850,3705625,5,3709480
1926,3852,3709476,5,3713333
1927,3854,3713329,5,3717188
1928,3856,3717184,5,3721045
1929,3858,3721041,5,3724904
1930,3860,3724900,5,3728765
1931,3862,3728761,5,3732628
1932,3864,3732624,5,3736493
1933,3866,3736489,5,3740360
1934,3868,3740356,5,3744229
1935,3870,3744225,5,3748100
1936,3872,3748096,5,3751973
1937,3874,3751969,5,3755848
1938,3876,3755844,5,3759725
1939,3878,3759721,5,3763604
1940,3880,3763600,5,3767485
1941,3882,3767481,5,3771368
1942,3884,3771364,5,3775253
1943,3886,3775249,5,3779140
1944,3888,3779136,5,3783029
1945,3890,3783025,5,3786920
1946,3892,3786916,5,3790813
1947,3894,3790809,5,3794708
1948,3896,3794704,5,3798605
1949,3898,3798601,5,3802504
1950,3900,3802500,5,3806405
1951,3902,3806401,5,3810308
1952,3904,3810304,5,3814213
1953,3906,3814209,5,3818120
1954,3908,3818116,5,3822029
1955,3910,3822025,5,3825940
1956,3912,3825936,5,3829853
1957,3914,3829849,5,3833768
1958,3916,3833764,5,3837685
1959,3918,3837681,5,3841604
1960,3920,3841600,5,3845525
1961,3922,3845521,5,3849448
1962,3924,3849444,5,3853373
1963,3926,3853369,5,3857300
1964,3928,3857296,5,3861229
1965,3930,3861225,5,3865160
1966,3932,3865156,5,3869093
1967,3934,3869089,5,3873028
1968,3936,3873024,5,3876965
1969,3938,3876961,5,3880904
1970,3940,3880900,5,3884845
1971,3942,3884841,5,3888788
1972,3944,3888784,5,3892733
1973,3946,3892729,5,3896680
1974,3948,3896676,5,3900629
1975,3950,3900625,5,3904580
1976,3952,3904576,5,3908533
1977,3954,3908529,5,3912488
1978,3956,3912484,5,3916445
1979,3958,3916441,5,3920404
1980,3960,3920400,5,3924365
1981,3962,3924361,5,3928328
1982,3964,3928324,5,3932293
1983,3966,3932289,5,3936260
1984,3968,3936256,5,3940229
1985,3970,3940225,5,3944200
1986,3972,3944196,5,3948173
1987,3974,3948169,5,3952148
1988,3976,3952144,5,3956125
1989,3978,3956121,5,3960104
1990,3980,3960100,5,3964085
1991,3982,3964081,5,3968068
1992,3984,3968064,5,3972053
1993,3986,3972049,5,3976040
1994,3988,3976036,5,3980029
1995,3990,3980025,5,3984020
1996,3992,3984016,5,3988013
1997,3994,3988009,5,3992008
1998,3996,3992004,5,3996005
1999,3998,3996001,5,4000004
2000,4000,4000000,5,4004005
2001,4002,4004001,5,4008008
2002,4004,4008004,5,4012013
2003,4006,4012009,5,4016020
2004,4008,4016016,5,4020029
2005,4010,4020025,5,4024040
2006,4012,4024036,5,4028053
2007,4014,4028049,5,4032068
2008,4016,4032064,5,4036085
2009,4018,4036081,5,4040104
2010,4020,4040100,5,4044125
2011,4022,4044121,5,4048148
2012,4024,4048144,5,4052173
2013,4026,4052169,5,4056200
2014,4028,4056196,5,4060229
2015,4030,4060225,5,4064260
2016,4032,4064256,5,4068293
2017,4034,4068289,5,4072328
2018,4036,4072324,5,4076365
2019,4038,4076361,5,4080404
2020,4040,4080400,5,4084445
2021,4042,4084441,5,4088488
2022,4044,4088484,5,4092533
2023,4046,4092529,5,4096580
2024,4048,4096576,5,4100629
2025,4050,4100625,5,4104680
2026,4052,4104676,5,4108733
2027,4054,4108729,5,4112788
2028,4056,4112784,5,4116845
2029,4058,4116841,5,4120904
2030,4060,4120900,5,4124965
2031,4062,4124961,5,4129028
2032,4064,4129024,5,4133093
2033,4066,4133089,5,4137160
2034,4068,4137156,5,4141229
2035,4070,4141225,5,4145300
2036,4072,4145296,5,4149373
2037,4074,4149369,5,4153448
2038,4076,4153444,5,4157525
2039,4078,4157521,5,4161604
2040,4080,4161600,5,4165685
2041,4082,4165681,5,4169768
2042,4084,4169764,5,4173853
2043,4086,4173849,5,4177940
2044,4088,4177936,5,4182029
2045,4090,4182025,5,4186120
2046,4092,4186116,5,4190213
2047,4094,4190209,5,4194308
2048,4096,4194304,5,4198405
2049,4098,4198401,5,4202504
2050,4100,4202500,5,4206605
2051,4102,4206601,5,4210708
2052,4104,4210704,5,4214813
2053,4106,4214809,5,4218920
2054,4108,4218916,5,4223029
2055,4110,4223025,5,4227140
2056,4112,4227136,5,4231253
2057,4114,4231249,5,4235368
2058,4116,4235364,5,4239485
2059,4118,4239481,5,4243604
2060,4120,4243600,5,4247725
2061,4122,4247721,5,4251848
2062,4124,4251844,5,4255973
2063,4126,4255969,5,4260100
2064,4128,4260096,5,4264229
2065,4130,4264225,5,4268360
2066,4132,4268356,5,4272493
2067,4134,4272489,5,4276628
2068,4136,4276624,5,4280765
2069,4138,4280761,5,4284904
2070,4140,4284900,5,4289045
2071,4142,4289041,5,4293188
2072,4144,4293184,5,4297333
2073,4146,4297329,5,4301480
2074,4148,4301476,5,4305629
2075,4150,4305625,5,4309780
2076,4152,4309776,5,4313933
2077,4154,4313929,5,4318088
2078,4156,4318084,5,4322245
2079,4158,4322241,5,4326404
2080,4160,4326400,5,4330565
2081,4162,4330561,5,4334728
2082,4164,4334724,5,4338893
2083,4166,4338889,5,4343060
2084,4168,4343056,5,4347229
2085,4170,4347225,5,4351400
2086,4172,4351396,5,4355573
2087,4174,4355569,5,4359748
2088,4176,4359744,5,4363925
2089,4178,4363921,5,4368104
2090,4180,4368100,5,4372285
2091,4182,4372281,5,4376468
2092,4184,4376464,5,4380653
2093,4186,4380649,5,4384840
2094,4188,4384836,5,4389029
2095,4190,4389025,5,4393220
2096,4192,4393216,5,4397413
2097,4194,4397409,5,4401608
2098,4196,4401604,5,4405805
2099,4198,4405801,5,4410004
2100,4200,4410000,5,4414205
2101,4202,4414201,5,4418408
2102,4204,4418404,5,4422613
2103,4206,4422609,5,4426820
2104,4208,4426816,5,4431029
2105,4210,4431025,5,4435240
2106,4212,4435236,5,4439453
2107,4214,4439449,5,4443668
2108,4216,4443664,5,4447885
2109,4218,4447881,5,4452104
2110,4220,4452100,5,4456325
2111,4222,4456321,5,4460548
2112,4224,4460544,5,4464773
2113,4226,4464769,5,4469000
2114,4228,4468996,5,4473229
2115,4230,4473225,5,4477460
2116,4232,4477456,5,4481693
2117,4234,4481689,5,4485928
2118,4236,4485924,5,4490165
2119,4238,4490161,5,4494404
2120,4240,4494400,5,4498645
2121,4242,4498641,5,4502888
2122,4244,4502884,5,4507133
2123,4246,4507129,5,4511380
2124,4248,4511376,5,4515629
2125,4250,4515625,5,4519880
2126,4252,4519876,5,4524133
2127,4254,4524129,5,4528388
2128,4256,4528384,5,4532645
2129,4258,4532641,5,4536904
2130,4260,4536900,5,4541165
2131,4262,4541161,5,4545428
2132,4264,4545424,5,4549693
2133,4266,4549689,5,4553960
2134,4268,4553956,5,4558229
2135,4270,4558225,5,4562500
2136,4272,4562496,5,4566773
2137,4274,4566769,5,4571048
2138,4276,4571044,5,4575325
2139,4278,4575321,5,4579604
2140,4280,4579600,5,4583885
2141,4282,4583881,5,4588168
2142,4284,4588164,5,4592453
2143,4286,4592449,5,4596740
2144,4288,4596736,5,4601029
2145,4290,4601025,5,4605320
2146,4292,4605316,5,4609613
2147,4294,4609609,5,4613908
2148,4296,4613904,5,4618205
2149,4298,4618201,5,4622504
2150,4300,4622500,5,4626805
2151,4302,4626801,5,4631108
2152,4304,4631104,5,4635413
2153,4306,4635409,5,4639720
2154,4308,4639716,5,4644029
2155,4310,4644025,5,4648340
2156,4312,4648336,5,4652653
2157,4314,4652649,5,4656968
2158,4316,4656964,5,4661285
2159,4318,4661281,5,4665604
2160,4320,4665600,5,4669925
2161,4322,4669921,5,4674248
2162,4324,4674244,5,4678573
2163,4326,4678569,5,4682900
2164,4328,4682896,5,4687229
2165,4330,4687225,5,4691560
2166,4332,4691556,5,4695893
2167,4334,4695889,5,4700228
2168,4336,4700224,5,4704565
2169,4338,4704561,5,4708904
2170,4340,4708900,5,4713245
2171,4342,4713241,5,4717588
2172,4344,4717584,5,4721933
2173,4346,4721929,5,4726280
2174,4348,4726276,5,4730629
2175,4350,4730625,5,4734980
2176,4352,4734976,5,4739333
2177,4354,4739329,5,4743688
2178,4356,4743684,5,4748045
2179,4358,4748041,5,4752404
2180,4360,4752400,5,4756765
2181,4362,4756761,5,4761128
2182,4364,4761124,5,4765493
2183,4366,4765489,5,4769860
2184,4368,4769856,5,4774229
2185,4370,4774225,5,4778600
2186,4372,4778596,5,4782973
2187,4374,4782969,5,4787348
2188,4376,4787344,5,4791725
2189,4378,4791721,5,4796104
2190,4380,4796100,5,4800485
2191,4382,4800481,5,4804868
2192,4384,4804864,5,4809253
2193,4386,4809249,5,4813640
2194,4388,4813636,5,4818029
2195,4390,4818025,5,4822420
2196,4392,4822416,5,4826813
2197,4394,4826809,5,4831208
2198,4396,4831204,5,4835605
2199,4398,4835601,5,4840004
2200,4400,4840000,5,4844405
2201,4402,4844401,5,4848808
2202,4404,4848804,5,4853213
2203,4406,4853209,5,4857620
2204,4408,4857616,5,4862029
2205,4410,4862025,5,4866440
2206,4412,4866436,5,4870853
2207,4414,4870849,5,4875268
2208,4416,4875264,5,4879685
2209,4418,4879681,5,4884104
2210,4420,4884100,5,4888525
2211,4422,4888521,5,4892948
2212,4424,4892944,5,4897373
2213,4426,4897369,5,4901800
2214,4428,4901796,5,4906229
2215,4430,4906225,5,4910660
2216,4432,4910656,5,4915093
2217,4434,4915089,5,4919528
2218,4436,4919524,5,4923965
2219,4438,4923961,5,4928404
2220,4440,4928400,5,4932845
2221,4442,4932841,5,4937288
2222,4444,4937284,5,4941733
2223,4446,4941729,5,4946180
2224,4448,4946176,5,4950629
2225,4450,4950625,5,4955080
2226,4452,4955076,5,4959533
2227,4454,4959529,5,4963988
2228,4456,4963984,5,4968445
2229,4458,4968441,5,4972904
2230,4460,4972900,5,4977365
2231,4462,4977361,5,4981828
2232,4464,4981824,5,4986293
2233,4466,4986289,5,4990760
2234,4468,4990756,5,4995229
2235,4470,4995225,5,4999700
2236,4472,4999696,5,5004173
2237,4474,5004169,5,5008648
2238,4476,5008644,5,5013125
2239,4478,5013121,5,5017604
2240,4480,5017600,5,5022085
2241,4482,5022081,5,5026568
2242,4484,5026564,5,5031053
2243,4486,5031049,5,5035540
2244,4488,5035536,5,5040029
2245,4490,5040025,5,5044520
2246,4492,5044516,5,5049013
2247,4494,5049009,5,5053508
2248,4496,5053504,5,5058005
2249,4498,5058001,5,5062504
2250,4500,5062500,5,5067005
2251,4502,5067001,5,5071508
2252,4504,5071504,5,5076013
2253,4506,5076009,5,5080520
2254,4508,5080516,5,5085029
2255,4510,5085025,5,5089540
2256,4512,5089536,5,5094053
2257,4514,5094049,5,5098568
2258,4516,5098564,5,5103085
2259,4518,5103081,5,5107604
2260,4520,5107600,5,5112125
2261,4522,5112121,5,5116648
2262,4524,5116644,5,5121173
2263,4526,5121169,5,5125700
2264,4528,5125696,5,5130229
2265,4530,5130225,5,5134760
2266,4532,5134756,5,5139293
2267,4534,5139289,5,5143828
2268,4536,5143824,5,5148365
2269,4538,5148361,5,5152904
2270,4540,5152900,5,5157445
2271,4542,5157441,5,5161988
2272,4544,5161984,5,5166533
2273,4546,5166529,5,5171080
2274,4548,5171076,5,5175629
2275,4550,5175625,5,5180180
2276,4552,5180176,5,5184733
2277,4554,5184729,5,5189288
2278,4556,5189284,5,5193845
2279,4558,5193841,5,5198404
2280,4560,5198400,5,5202965
2281,4562,5202961,5,5207528
2282,4564,5207524,5,5212093
2283,4566,5212089,5,5216660
2284,4568,5216656,5,5221229
2285,4570,5221225,5,5225800
2286,4572,5225796,5,5230373
2287,4574,5230369,5,5234948
2288,4576,5234944,5,5239525
2289,4578,5239521,5,5244104
2290,4580,5244100,5,5248685
2291,4582,5248681,5,5253268
2292,4584,5253264,5,5257853
2293,4586,5257849,5,5262440
2294,4588,5262436,5,5267029
2295,4590,5267025,5,5271620
2296,4592,5271616,5,5276213
2297,4594,5276209,5,5280808
2298,4596,5280804,5,5285405
2299,4598,5285401,5,5290004
2300,4600,5290000,5,5294605
2301,4602,5294601,5,5299208
2302,4604,5299204,5,5303813
2303,4606,5303809,5,5308420
2304,4608,5308416,5,5313029
2305,4610,5313025,5,5317640
2306,4612,5317636,5,5322253
2307,4614,5322249,5,5326868
2308,4616,5326864,5,5331485
2309,4618,5331481,5,5336104
2310,4620,5336100,5,5340725
2311,4622,5340721,5,5345348
2312,4624,5345344,5,5349973
2313,4626,5349969,5,5354600
2314,4628,5354596,5,5359229
2315,4630,5359225,5,5363860
2316,4632,5363856,5,5368493
2317,4634,5368489,5,5373128
2318,4636,5373124,5,5377765
2319,4638,5377761,5,5382404
2320,4640,5382400,5,5387045
2321,4642,5387041,5,5391688
2322,4644,5391684,5,5396333
2323,4646,5396329,5,5400980
2324,4648,5400976,5,5405629
2325,4650,5405625,5,5410280
2326,4652,5410276,5,5414933
2327,4654,5414929,5,5419588
2328,4656,5419584,5,5424245
2329,4658,5424241,5,5428904
2330,4660,5428900,5,5433565
2331,4662,5433561,5,5438228
2332,4664,5438224,5,5442893
2333,4666,5442889,5,5447560
2334,4668,5447556,5,5452229
2335,4670,5452225,5,5456900
2336,4672,5456896,5,5461573
2337,4674,5461569,5,5466248
2338,4676,5466244,5,5470925
2339,4678,5470921,5,5475604
2340,4680,5475600,5,5480285
2341,4682,5480281,5,5484968
2342,4684,5484964,5,5489653
2343,4686,5489649,5,5494340
2344,4688,5494336,5,5499029
2345,4690,5499025,5,5503720
2346,4692,5503716,5,5508413
2347,4694,5508409,5,5513108
2348,4696,5513104,5,5517805
2349,4698,5517801,5,5522504
2350,4700,5522500,5,5527205
2351,4702,5527201,5,5531908
2352,4704,5531904,5,5536613
2353,4706,5536609,5,5541320
2354,4708,5541316,5,5546029
2355,4710,5546025,5,5550740
2356,4712,5550736,5,5555453
2357,4714,5555449,5,5560168
2358,4716,5560164,5,5564885
2359,4718,5564881,5,5569604
2360,4720,5569600,5,5574325
2361,4722,5574321,5,5579048
2362,4724,5579044,5,5583773
2363,4726,5583769,5,5588500
2364,4728,5588496,5,5593229
2365,4730,5593225,5,5597960
2366,4732,5597956,5,5602693
2367,4734,5602689,5,5607428
2368,4736,5607424,5,5612165
2369,4738,5612161,5,5616904
2370,4740,5616900,5,5621645
2371,4742,5621641,5,5626388
2372,4744,5626384,5,5631133
2373,4746,5631129,5,5635880
2374,4748,5635876,5,5640629
2375,4750,5640625,5,5645380
2376,4752,5645376,5,5650133
2377,4754,5650129,5,5654888
2378,4756,5654884,5,5659645
2379,4758,5659641,5,5664404
2380,4760,5664400,5,5669165
2381,4762,5669161,5,5673928
2382,4764,5673924,5,5678693
2383,4766,5678689,5,5683460
2384,4768,5683456,5,5688229
2385,4770,5688225,5,5693000
2386,4772,5692996,5,5697773
2387,4774,5697769,5,5702548
2388,4776,5702544,5,5707325
2389,4778,5707321,5,5712104
2390,4780,5712100,5,5716885
2391,4782,5716881,5,5721668
2392,4784,5721664,5,5726453
2393,4786,5726449,5,5731240
2394,4788,5731236,5,5736029
2395,4790,5736025,5,5740820
2396,4792,5740816,5,5745613
2397,4794,5745609,5,5750408
2398,4796,5750404,5,5755205
2399,4798,5755201,5,5760004
2400,4800,5760000,5,5764805
2401,4802,5764801,5,5769608
2402,4804,5769604,5,5774413
2403,4806,5774409,5,5779220
2404,4808,5779216,5,5784029
2405,4810,5784025,5,5788840
2406,4812,5788836,5,5793653
2407,4814,5793649,5,5798468
2408,4816,5798464,5,5803285
2409,4818,5803281,5,5808104
2410,4820,5808100,5,5812925
2411,4822,5812921,5,5817748
2412,4824,5817744,5,5822573
2413,4826,5822569,5,5827400
2414,4828,5827396,5,5832229
2415,4830,5832225,5,5837060
2416,4832,5837056,5,5841893
2417,4834,5841889,5,5846728
2418,4836,5846724,5,5851565
2419,4838,5851561,5,5856404
2420,4840,5856400,5,5861245
2421,4842,5861241,5,5866088
2422,4844,5866084,5,5870933
2423,4846,5870929,5,5875780
2424,4848,5875776,5,5880629
2425,4850,5880625,5,5885480
2426,4852,5885476,5,5890333
2427,4854,5890329,5,5895188
2428,4856,5895184,5,5900045
2429,4858,5900041,5,5904904
2430,4860,5904900,5,5909765
2431,4862,5909761,5,5914628
2432,4864,5914624,5,5919493
2433,4866,5919489,5,5924360
2434,4868,5924356,5,5929229
2435,4870,5929225,5,5934100
2436,4872,5934096,5,5938973
2437,4874,5938969,5,5943848
2438,4876,5943844,5,5948725
2439,4878,5948721,5,5953604
2440,4880,5953600,5,5958485
2441,4882,5958481,5,5963368
2442,4884,5963364,5,5968253
2443,4886,5968249,5,5973140
2444,4888,5973136,5,5978029
2445,4890,5978025,5,5982920
2446,4892,5982916,5,5987813
2447,4894,5987809,5,5992708
2448,4896,5992704,5,5997605
2449,4898,5997601,5,6002504
2450,4900,6002500,5,6007405
2451,4902,6007401,5,6012308
2452,4904,6012304,5,6017213
2453,4906,6017209,5,6022120
2454,4908,6022116,5,6027029
2455,4910,6027025,5,6031940
2456,4912,6031936,5,6036853
2457,4914,6036849,5,6041768
2458,4916,6041764,5,6046685
2459,4918,6046681,5,6051604
2460,4920,6051600,5,6056525
2461,4922,6056521,5,6061448
2462,4924,6061444,5,6066373
2463,4926,6066369,5,6071300
2464,4928,6071296,5,6076229
2465,4930,6076225,5,6081160
2466,4932,6081156,5,6086093
2467,4934,6086089,5,6091028
2468,4936,6091024,5,6095965
2469,4938,6095961,5,6100904
2470,4940,6100900,5,6105845
2471,4942,6105841,5,6110788
2472,4944,6110784,5,6115733
2473,4946,6115729,5,6120680
2474,4948,6120676,5,6125629
2475,4950,6125625,5,6130580
2476,4952,6130576,5,6135533
2477,4954,6135529,5,6140488
2478,4956,6140484,5,6145445
2479,4958,6145441,5,6150404
2480,4960,6150400,5,6155365
2481,4962,6155361,5,6160328
2482,4964,6160324,5,6165293
2483,4966,6165289,5,6170260
2484,4968,6170256,5,6175229
2485,4970,6175225,5,6180200
2486,4972,6180196,5,6185173
2487,4974,6185169,5,6190148
2488,4976,6190144,5,6195125
2489,4978,6195121,5,6200104
2490,4980,6200100,5,6205085
2491,4982,6205081,5,6210068
2492,4984,6210064,5,6215053
2493,4986,6215049,5,6220040
2494,4988,6220036,5,6225029
2495,4990,6225025,5,6230020
2496,4992,6230016,5,6235013
2497,4994,6235009,5,6240008
2498,4996,6240004,5,6245005
2499,4998,6245001,5,6250004
2500,5000,6250000,5,6255005
2501,5002,6255001,5,6260008
2502,5004,6260004,5,6265013
2503,5006,6265009,5,6270020
2504,5008,6270016,5,6275029
2505,5010,6275025,5,6280040
2506,5012,6280036,5,6285053
2507,5014,6285049,5,6290068
2508,5016,6290064,5,6295085
2509,5018,6295081,5,6300104
2510,5020,6300100,5,6305125
2511,5022,6305121,5,6310148
2512,5024,6310144,5,6315173
2513,5026,6315169,5,6320200
2514,5028,6320196,5,6325229
2515,5030,6325225,5,6330260
2516,5032,6330256,5,6335293
2517,5034,6335289,5,6340328
2518,5036,6340324,5,6345365
2519,5038,6345361,5,6350404
2520,5040,6350400,5,6355445
2521,5042,6355441,5,6360488
2522,5044,6360484,5,6365533
2523,5046,6365529,5,6370580
2524,5048,6370576,5,6375629
2525,5050,6375625,5,6380680
2526,5052,6380676,5,6385733
2527,5054,6385729,5,6390788
2528,5056,6390784,5,6395845
2529,5058,6395841,5,6400904
2530,5060,6400900,5,6405965
2531,5062,6405961,5,6411028
2532,5064,6411024,5,6416093
2533,5066,6416089,5,6421160
2534,5068,6421156,5,6426229
2535,5070,6426225,5,6431300
2536,5072,6431296,5,6436373
2537,5074,6436369,5,6441448
2538,5076,6441444,5,6446525
2539,5078,6446521,5,6451604
2540,5080,6451600,5,6456685
2541,5082,6456681,5,6461768
2542,5084,6461764,5,6466853
2543,5086,6466849,5,6471940
2544,5088,6471936,5,6477029
2545,5090,6477025,5,6482120
2546,5092,6482116,5,6487213
2547,5094,6487209,5,6492308
2548,5096,6492304,5,6497405
2549,5098,6497401,5,6502504
2550,5100,6502500,5,6507605
2551,5102,6507601,5,6512708
2552,5104,6512704,5,6517813
2553,5106,6517809,5,6522920
2554,5108,6522916,5,6528029
2555,5110,6528025,5,6533140
2556,5112,6533136,5,6538253
2557,5114,6538249,5,6543368
2558,5116,6543364,5,6548485
2559,5118,6548481,5,6553604
2560,5120,6553600,5,6558725
2561,5122,6558721,5,6563848
2562,5124,6563844,5,6568973
2563,5126,6568969,5,6574100
2564,5128,6574096,5,6579229
2565,5130,6579225,5,6584360
2566,5132,6584356,5,6589493
2567,5134,6589489,5,6594628
2568,5136,6594624,5,6599765
2569,5138,6599761,5,6604904
2570,5140,6604900,5,6610045
2571,5142,6610041,5,6615188
2572,5144,6615184,5,6620333
2573,5146,6620329,5,6625480
2574,5148,6625476,5,6630629
2575,5150,6630625,5,6635780
2576,5152,6635776,5,6640933
2577,5154,6640929,5,6646088
2578,5156,6646084,5,6651245
2579,5158,6651241,5,6656404
2580,5160,6656400,5,6661565
2581,5162,6661561,5,6666728
2582,5164,6666724,5,6671893
2583,5166,6671889,5,6677060
2584,5168,6677056,5,6682229
2585,5170,6682225,5,6687400
2586,5172,6687396,5,6692573
2587,5174,6692569,5,6697748
2588,5176,6697744,5,6702925
2589,5178,6702921,5,6708104
2590,5180,6708100,5,6713285
2591,5182,6713281,5,6718468
2592,5184,6718464,5,6723653
2593,5186,6723649,5,6728840
2594,5188,6728836,5,6734029
2595,5190,6734025,5,6739220
2596,5192,6739216,5,6744413
2597,5194,6744409,5,6749608
2598,5196,6749604,5,6754805
2599,5198,6754801,5,6760004
2600,5200,6760000,5,6765205
2601,5202,6765201,5,6770408
2602,5204,6770404,5,6775613
2603,5206,6775609,5,6780820
2604,5208,6780816,5,6786029
2605,5210,6786025,5,6791240
2606,5212,6791236,5,6796453
2607,5214,6796449,5,6801668
2608,5216,6801664,5,6806885
2609,5218,6806881,5,6812104
2610,5220,6812100,5,6817325
2611,5222,6817321,5,6822548
2612,5224,6822544,5,6827773
2613,5226,6827769,5,6833000
2614,5228,6832996,5,6838229
2615,5230,6838225,5,6843460
2616,5232,6843456,5,6848693
2617,5234,6848689,5,6853928
2618,5236,6853924,5,6859165
2619,5238,6859161,5,6864404
2620,5240,6864400,5,6869645
2621,5242,6869641,5,6874888
2622,5244,6874884,5,6880133
2623,5246,6880129,5,6885380
2624,5248,6885376,5,6890629
2625,5250,6890625,5,6895880
2626,5252,6895876,5,6901133
2627,5254,6901129,5,6906388
2628,5256,6906384,5,6911645
2629,5258,6911641,5,6916904
2630,5260,6916900,5,6922165
2631,5262,6922161,5,6927428
2632,5264,6927424,5,6932693
2633,5266,6932689,5,6937960
2634,5268,6937956,5,6943229
2635,5270,6943225,5,6948500
2636,5272,6948496,5,6953773
2637,5274,6953769,5,6959048
2638,5276,6959044,5,6964325
2639,5278,6964321,5,6969604
2640,5280,6969600,5,6974885
2641,5282,6974881,5,6980168
2642,5284,6980164,5,6985453
2643,5286,6985449,5,6990740
2644,5288,6990736,5,6996029
2645,5290,6996025,5,7001320
2646,5292,7001316,5,7006613
2647,5294,7006609,5,7011908
2648,5296,7011904,5,7017205
2649,5298,7017201,5,7022504
2650,5300,7022500,5,7027805
2651,5302,7027801,5,7033108
2652,5304,7033104,5,7038413
2653,5306,7038409,5,7043720
2654,5308,7043716,5,7049029
2655,5310,7049025,5,7054340
2656,5312,7054336,5,7059653
2657,5314,7059649,5,7064968
2658,5316,7064964,5,7070285
2659,5318,7070281,5,7075604
2660,5320,7075600,5,7080925
2661,5322,7080921,5,7086248
2662,5324,7086244,5,7091573
2663,5326,7091569,5,7096900
2664,5328,7096896,5,7102229
2665,5330,7102225,5,7107560
2666,5332,7107556,5,7112893
2667,5334,7112889,5,7118228
2668,5336,7118224,5,7123565
2669,5338,7123561,5,7128904
2670,5340,7128900,5,7134245
2671,5342,7134241,5,7139588
2672,5344,7139584,5,7144933
2673,5346,7144929,5,7150280
2674,5348,7150276,5,7155629
2675,5350,7155625,5,7160980
2676,5352,7160976,5,7166333
2677,5354,7166329,5,7171688
2678,5356,7171684,5,7177045
2679,5358,7177041,5,7182404
2680,5360,7182400,5,7187765
2681,5362,7187761,5,7193128
2682,5364,7193124,5,7198493
2683,5366,7198489,5,7203860
2684,5368,7203856,5,7209229
2685,5370,7209225,5,7214600
2686,5372,7214596,5,7219973
2687,5374,7219969,5,7225348
2688,5376,7225344,5,7230725
2689,5378,7230721,5,7236104
2690,5380,7236100,5,7241485
2691,5382,7241481,5,7246868
2692,5384,7246864,5,7252253
2693,5386,7252249,5,7257640
2694,5388,7257636,5,7263029
2695,5390,7263025,5,7268420
2696,5392,7268416,5,7273813
2697,5394,7273809,5,7279208
2698,5396,7279204,5,7284605
2699,5398,7284601,5,7290004
2700,5400,7290000,5,7295405
2701,5402,7295401,5,7300808
2702,5404,7300804,5,7306213
2703,5406,7306209,5,7311620
2704,5408,7311616,5,7317029
2705,5410,7317025,5,7322440
2706,5412,7322436,5,7327853
2707,5414,7327849,5,7333268
2708,5416,7333264,5,7338685
2709,5418,7338681,5,7344104
2710,5420,7344100,5,7349525
2711,5422,7349521,5,7354948
2712,5424,7354944,5,7360373
2713,5426,7360369,5,7365800
2714,5428,7365796,5,7371229
2715,5430,7371225,5,7376660
2716,5432,7376656,5,7382093
2717,5434,7382089,5,7387528
2718,5436,7387524,5,7392965
2719,5438,7392961,5,7398404
2720,5440,7398400,5,7403845
2721,5442,7403841,5,7409288
2722,5444,7409284,5,7414733
2723,5446,7414729,5,7420180
2724,5448,7420176,5,7425629
2725,5450,7425625,5,7431080
2726,5452,7431076,5,7436533
2727,5454,7436529,5,7441988
2728,5456,7441984,5,7447445
2729,5458,7447441,5,7452904
2730,5460,7452900,5,7458365
2731,5462,7458361,5,7463828
2732,5464,7463824,5,7469293
2733,5466,7469289,5,7474760
2734,5468,7474756,5,7480229
2735,5470,7480225,5,7485700
2736,5472,7485696,5,7491173
2737,5474,7491169,5,7496648
2738,5476,7496644,5,7502125
2739,5478,7502121,5,7507604
2740,5480,7507600,5,7513085
2741,5482,7513081,5,7518568
2742,5484,7518564,5,7524053
2743,5486,7524049,5,7529540
2744,5488,7529536,5,7535029
2745,5490,7535025,5,7540520
2746,5492,7540516,5,7546013
2747,5494,7546009,5,7551508
2748,5496,7551504,5,7557005
2749,5498,7557001,5,7562504
2750,5500,7562500,5,7568005
2751,5502,7568001,5,7573508
2752,5504,7573504,5,7579013
2753,5506,7579009,5,7584520
2754,5508,7584516,5,7590029
2755,5510,7590025,5,7595540
2756,5512,7595536,5,7601053
2757,5514,7601049,5,7606568
2758,5516,7606564,5,7612085
2759,5518,7612081,5,7617604
2760,5520,7617600,5,7623125
2761,5522,7623121,5,7628648
2762,5524,7628644,5,7634173
2763,5526,7634169,5,7639700
2764,5528,7639696,5,7645229
2765,5530,7645225,5,7650760
2766,5532,7650756,5,7656293
2767,5534,7656289,5,7661828
2768,5536,7661824,5,7667365
2769,5538,7667361,5,7672904
2770,5540,7672900,5,7678445
2771,5542,7678441,5,7683988
2772,5544,7683984,5,7689533
2773,5546,7689529,5,7695080
2774,5548,7695076,5,7700629
2775,5550,7700625,5,7706180
2776,5552,7706176,5,7711733
2777,5554,7711729,5,7717288
2778,5556,7717284,5,7722845
2779,5558,7722841,5,7728404
2780,5560,7728400,5,7733965
2781,5562,7733961,5,7739528
2782,5564,7739524,5,7745093
2783,5566,7745089,5,7750660
2784,5568,7750656,5,7756229
2785,5570,7756225,5,7761800
2786,5572,7761796,5,7767373
2787,5574,7767369,5,7772948
2788,5576,7772944,5,7778525
2789,5578,7778521,5,7784104
2790,5580,7784100,5,7789685
2791,5582,7789681,5,7795268
2792,5584,7795264,5,7800853
2793,5586,7800849,5,7806440
2794,5588,7806436,5,7812029
2795,5590,7812025,5,7817620
2796,5592,7817616,5,7823213
2797,5594,7823209,5,7828808
2798,5596,7828804,5,7834405
2799,5598,7834401,5,7840004
2800,5600,7840000,5,7845605
2801,5602,7845601,5,7851208
2802,5604,7851204,5,7856813
2803,5606,7856809,5,7862420
2804,5608,7862416,5,7868029
2805,5610,7868025,5,7873640
2806,5612,7873636,5,7879253
2807,5614,7879249,5,7884868
2808,5616,7884864,5,7890485
2809,5618,7890481,5,7896104
2810,5620,7896100,5,7901725
2811,5622,7901721,5,7907348
2812,5624,7907344,5,7912973
2813,5626,7912969,5,7918600
2814,5628,7918596,5,7924229
2815,5630,7924225,5,7929860
2816,5632,7929856,5,7935493
2817,5634,7935489,5,7941128
2818,5636,7941124,5,7946765
2819,5638,7946761,5,7952404
2820,5640,7952400,5,7958045
2821,5642,7958041,5,7963688
2822,5644,7963684,5,7969333
2823,5646,7969329,5,7974980
2824,5648,7974976,5,7980629
2825,5650,7980625,5,7986280
2826,5652,7986276,5,7991933
2827,5654,7991929,5,7997588
2828,5656,7997584,5,8003245
2829,5658,8003241,5,8008904
2830,5660,8008900,5,8014565
2831,5662,8014561,5,8020228
2832,5664,8020224,5,8025893
2833,5666,8025889,5,8031560
2834,5668,8031556,5,8037229
2835,5670,8037225,5,8042900
2836,5672,8042896,5,8048573
2837,5674,8048569,5,8054248
2838,5676,8054244,5,8059925
2839,5678,8059921,5,8065604
2840,5680,8065600,5,8071285
2841,5682,8071281,5,8076968
2842,5684,8076964,5,8082653
2843,5686,8082649,5,8088340
2844,5688,8088336,5,8094029
2845,5690,8094025,5,8099720
2846,5692,8099716,5,8105413
2847,5694,8105409,5,8111108
2848,5696,8111104,5,8116805
2849,5698,8116801,5,8122504
2850,5700,8122500,5,8128205
2851,5702,8128201,5,8133908
2852,5704,8133904,5,8139613
2853,5706,8139609,5,8145320
2854,5708,8145316,5,8151029
2855,5710,8151025,5,8156740
2856,5712,8156736,5,8162453
2857,5714,8162449,5,8168168
2858,5716,8168164,5,8173885
2859,5718,8173881,5,8179604
2860,5720,8179600,5,8185325
2861,5722,8185321,5,8191048
2862,5724,8191044,5,8196773
2863,5726,8196769,5,8202500
2864,5728,8202496,5,8208229
2865,5730,8208225,5,8213960
2866,5732,8213956,5,8219693
2867,5734,8219689,5,8225428
2868,5736,8225424,5,8231165
2869,5738,8231161,5,8236904
2870,5740,8236900,5,8242645
2871,5742,8242641,5,8248388
2872,5744,8248384,5,8254133
2873,5746,8254129,5,8259880
2874,5748,8259876,5,8265629
2875,5750,8265625,5,8271380
2876,5752,8271376,5,8277133
2877,5754,8277129,5,8282888
2878,5756,8282884,5,8288645
2879,5758,8288641,5,8294404
2880,5760,8294400,5,8300165
2881,5762,8300161,5,8305928
2882,5764,8305924,5,8311693
2883,5766,8311689,5,8317460
2884,5768,8317456,5,8323229
2885,5770,8323225,5,8329000
2886,5772,8328996,5,8334773
2887,5774,8334769,5,8340548
2888,5776,8340544,5,8346325
2889,5778,8346321,5,8352104
2890,5780,8352100,5,8357885
2891,5782,8357881,5,8363668
2892,5784,8363664,5,8369453
2893,5786,8369449,5,8375240
2894,5788,8375236,5,8381029
2895,5790,8381025,5,8386820
2896,5792,8386816,5,8392613
2897,5794,8392609,5,8398408
2898,5796,8398404,5,8404205
2899,5798,8404201,5,8410004
2900,5800,8410000,5,8415805
2901,5802,8415801,5,8421608
2902,5804,8421604,5,8427413
2903,5806,8427409,5,8433220
2904,5808,8433216,5,8439029
2905,5810,8439025,5,8444840
2906,5812,8444836,5,8450653
2907,5814,8450649,5,8456468
2908,5816,8456464,5,8462285
2909,5818,8462281,5,8468104
2910,5820,8468100,5,8473925
2911,5822,8473921,5,8479748
2912,5824,8479744,5,8485573
2913,5826,8485569,5,8491400
2914,5828,8491396,5,8497229
2915,5830,8497225,5,8503060
2916,5832,8503056,5,8508893
2917,5834,8508889,5,8514728
2918,5836,8514724,5,8520565
2919,5838,8520561,5,8526404
2920,5840,8526400,5,8532245
2921,5842,8532241,5,8538088
2922,5844,8538084,5,8543933
2923,5846,8543929,5,8549780
2924,5848,8549776,5,8555629
2925,5850,8555625,5,8561480
2926,5852,8561476,5,8567333
2927,5854,8567329,5,8573188
2928,5856,8573184,5,8579045
2929,5858,8579041,5,8584904
2930,5860,8584900,5,8590765
2931,5862,8590761,5,8596628
2932,5864,8596624,5,8602493
2933,5866,8602489,5,8608360
2934,5868,8608356,5,8614229
2935,5870,8614225,5,8620100
2936,5872,8620096,5,8625973
2937,5874,8625969,5,8631848
2938,5876,8631844,5,8637725
2939,5878,8637721,5,8643604
2940,5880,8643600,5,8649485
2941,5882,8649481,5,8655368
2942,5884,8655364,5,8661253
2943,5886,8661249,5,8667140
2944,5888,8667136,5,8673029
2945,5890,8673025,5,8678920
2946,5892,8678916,5,8684813
2947,5894,8684809,5,8690708
2948,5896,8690704,5,8696605
2949,5898,8696601,5,8702504
2950,5900,8702500,5,8708405
2951,5902,8708401,5,8714308
2952,5904,8714304,5,8720213
2953,5906,8720209,5,8726120
2954,5908,8726116,5,8732029
2955,5910,8732025,5,8737940
2956,5912,8737936,5,8743853
2957,5914,8743849,5,8749768
2958,5916,8749764,5,8755685
2959,5918,8755681,5,8761604
2960,5920,8761600,5,8767525
2961,5922,8767521,5,8773448
2962,5924,8773444,5,8779373
2963,5926,8779369,5,8785300
2964,5928,8785296,5,8791229
2965,5930,8791225,5,8797160
2966,5932,8797156,5,8803093
2967,5934,8803089,5,8809028
2968,5936,8809024,5,8814965
2969,5938,8814961,5,8820904
2970,5940,8820900,5,8826845
2971,5942,8826841,5,8832788
2972,5944,8832784,5,8838733
2973,5946,8838729,5,8844680
2974,5948,8844676,5,8850629
2975,5950,8850625,5,8856580
2976,5952,8856576,5,8862533
2977,5954,8862529,5,8868488
2978,5956,8868484,5,8874445
2979,5958,8874441,5,8880404
2980,5960,8880400,5,8886365
2981,5962,8886361,5,8892328
2982,5964,8892324,5,8898293
2983,5966,8898289,5,8904260
2984,5968,8904256,5,8910229
2985,5970,8910225,5,8916200
2986,5972,8916196,5,8922173
2987,5974,8922169,5,8928148
2988,5976,8928144,5,8934125
2989,5978,8934121,5,8940104
2990,5980,8940100,5,8946085
2991,5982,8946081,5,8952068
2992,5984,8952064,5,8958053
2993,5986,8958049,5,8964040
2994,5988,8964036,5,8970029
2995,5990,8970025,5,8976020
2996,5992,8976016,5,8982013
2997,5994,8982009,5,8988008
2998,5996,8988004,5,8994005
2999,5998,8994001,5,9000004
3000,6000,9000000,5,9006005
3001,6002,9006001,5,9012008
3002,6004,9012004,5,9018013
3003,6006,9018009,5,9024020
3004,6008,9024016,5,9030029
3005,6010,9030025,5,9036040
3006,6012,9036036,5,9042053
3007,6014,9042049,5,9048068
3008,6016,9048064,5,9054085
3009,6018,9054081,5,9060104
3010,6020,9060100,5,9066125
3011,6022,9066121,5,9072148
3012,6024,9072144,5,9078173
3013,6026,9078169,5,9084200
3014,6028,9084196,5,9090229
3015,6030,9090225,5,9096260
3016,6032,9096256,5,9102293
3017,6034,9102289,5,9108328
3018,6036,9108324,5,9114365
3019,6038,9114361,5,9120404
3020,6040,9120400,5,9126445
3021,6042,9126441,5,9132488
3022,6044,9132484,5,9138533
3023,6046,9138529,5,9144580
3024,6048,9144576,5,9150629
3025,6050,9150625,5,9156680
3026,6052,9156676,5,9162733
3027,6054,9162729,5,9168788
3028,6056,9168784,5,9174845
3029,6058,9174841,5,9180904
3030,6060,9180900,5,9186965
3031,6062,9186961,5,9193028
3032,6064,9193024,5,9199093
3033,6066,9199089,5,9205160
3034,6068,9205156,5,9211229
3035,6070,9211225,5,9217300
3036,6072,9217296,5,9223373
3037,6074,9223369,5,9229448
3038,6076,9229444,5,9235525
3039,6078,9235521,5,9241604
3040,6080,9241600,5,9247685
3041,6082,9247681,5,9253768
3042,6084,9253764,5,9259853
3043,6086,9259849,5,9265940
3044,6088,9265936,5,9272029
3045,6090,9272025,5,9278120
3046,6092,9278116,5,9284213
3047,6094,9284209,5,9290308
3048,6096,9290304,5,9296405
3049,6098,9296401,5,9302504
3050,6100,9302500,5,9308605
3051,6102,9308601,5,9314708
3052,6104,9314704,5,9320813
3053,6106,9320809,5,9326920
3054,6108,9326916,5,9333029
3055,6110,9333025,5,9339140
3056,6112,9339136,5,9345253
3057,6114,9345249,5,9351368
3058,6116,9351364,5,9357485
3059,6118,9357481,5,9363604
3060,6120,9363600,5,9369725
3061,6122,9369721,5,9375848
3062,6124,9375844,5,9381973
3063,6126,9381969,5,9388100
3064,6128,9388096,5,9394229
3065,6130,9394225,5,9400360
3066,6132,9400356,5,9406493
3067,6134,9406489,5,9412628
3068,6136,9412624,5,9418765
3069,6138,9418761,5,9424904
3070,6140,9424900,5,9431045
3071,6142,9431041,5,9437188
3072,6144,9437184,5,9443333
3073,6146,9443329,5,9449480
3074,6148,9449476,5,9455629
3075,6150,9455625,5,9461780
3076,6152,9461776,5,9467933
3077,6154,9467929,5,9474088
3078,6156,9474084,5,9480245
3079,6158,9480241,5,9486404
3080,6160,9486400,5,9492565
3081,6162,9492561,5,9498728
3082,6164,9498724,5,9504893
3083,6166,9504889,5,9511060
3084,6168,9511056,5,9517229
3085,6170,9517225,5,9523400
3086,6172,9523396,5,9529573
3087,6174,9529569,5,9535748
3088,6176,9535744,5,9541925
3089,6178,9541921,5,9548104
3090,6180,9548100,5,9554285
3091,6182,9554281,5,9560468
3092,6184,9560464,5,9566653
3093,6186,9566649,5,9572840
3094,6188,9572836,5,9579029
3095,6190,9579025,5,9585220
3096,6192,9585216,5,9591413
3097,6194,9591409,5,9597608
3098,6196,9597604,5,9603805
3099,6198,9603801,5,9610004
3100,6200,9610000,5,9616205
3101,6202,9616201,5,9622408
3102,6204,9622404,5,9628613
3103,6206,9628609,5,9634820
3104,6208,9634816,5,9641029
3105,6210,9641025,5,9647240
3106,6212,9647236,5,9653453
3107,6214,9653449,5,9659668
3108,6216,9659664,5,9665885
3109,6218,9665881,5,9672104
3110,6220,9672100,5,9678325
3111,6222,9678321,5,9684548
3112,6224,9684544,5,9690773
3113,6226,9690769,5,9697000
3114,6228,9696996,5,9703229
3115,6230,9703225,5,9709460
3116,6232,9709456,5,9715693
3117,6234,9715689,5,9721928
3118,6236,9721924,5,9728165
3119,6238,9728161,5,9734404
3120,6240,9734400,5,9740645
3121,6242,9740641,5,9746888
3122,6244,9746884,5,9753133
3123,6246,9753129,5,9759380
3124,6248,9759376,5,9765629
3125,6250,9765625,5,9771880
3126,6252,9771876,5,9778133
3127,6254,9778129,5,9784388
3128,6256,9784384,5,9790645
3129,6258,9790641,5,9796904
3130,6260,9796900,5,9803165
3131,6262,9803161,5,9809428
3132,6264,9809424,5,9815693
3133,6266,9815689,5,9821960
3134,6268,9821956,5,9828229
3135,6270,9828225,5,9834500
3136,6272,9834496,5,9840773
3137,6274,9840769,5,9847048
3138,6276,9847044,5,9853325
3139,6278,9853321,5,9859604
3140,6280,9859600,5,9865885
3141,6282,9865881,5,9872168
3142,6284,9872164,5,9878453
3143,6286,9878449,5,9884740
3144,6288,9884736,5,9891029
3145,6290,9891025,5,9897320
3146,6292,9897316,5,9903613
3147,6294,9903609,5,9909908
3148,6296,9909904,5,9916205
3149,6298,9916201,5,9922504
3150,6300,9922500,5,9928805
3151,6302,9928801,5,9935108
3152,6304,9935104,5,9941413
3153,6306,9941409,5,9947720
3154,6308,9947716,5,9954029
3155,6310,9954025,5,9960340
3156,6312,9960336,5,9966653
3157,6314,9966649,5,9972968
3158,6316,9972964,5,9979285
3159,6318,9979281,5,9985604
3160,6320,9985600,5,9991925
3161,6322,9991921,5,9998248
3162,6324,9998244,5,10004573
3163,6326,10004569,5,10010900
3164,6328,10010896,5,10017229
3165,6330,10017225,5,10023560
3166,6332,10023556,5,10029893
3167,6334,10029889,5,10036228
3168,6336,10036224,5,10042565
3169,6338,10042561,5,10048904
3170,6340,10048900,5,10055245
3171,6342,10055241,5,10061588
3172,6344,10061584,5,10067933
3173,6346,10067929,5,10074280
3174,6348,10074276,5,10080629
3175,6350,10080625,5,10086980
3176,6352,10086976,5,10093333
3177,6354,10093329,5,10099688
3178,6356,10099684,5,10106045
3179,6358,10106041,5,10112404
3180,6360,10112400,5,10118765
3181,6362,10118761,5,10125128
3182,6364,10125124,5,10131493
3183,6366,10131489,5,10137860
3184,6368,10137856,5,10144229
3185,6370,10144225,5,10150600
3186,6372,10150596,5,10156973
3187,6374,10156969,5,10163348
3188,6376,10163344,5,10169725
3189,6378,10169721,5,10176104
3190,6380,10176100,5,10182485
3191,6382,10182481,5,10188868
3192,6384,10188864,5,10195253
3193,6386,10195249,5,10201640
3194,6388,10201636,5,10208029
3195,6390,10208025,5,10214420
3196,6392,10214416,5,10220813
3197,6394,10220809,5,10227208
3198,6396,10227204,5,10233605
3199,6398,10233601,5,10240004
3200,6400,10240000,5,10246405
3201,6402,10246401,5,10252808
3202,6404,10252804,5,10259213
3203,6406,10259209,5,10265620
3204,6408,10265616,5,10272029
3205,6410,10272025,5,10278440
3206,6412,10278436,5,10284853
3207,6414,10284849,5,10291268
3208,6416,10291264,5,10297685
3209,6418,10297681,5,10304104
3210,6420,10304100,5,10310525
3211,6422,10310521,5,10316948
3212,6424,10316944,5,10323373
3213,6426,10323369,5,10329800
3214,6428,10329796,5,10336229
3215,6430,10336225,5,10342660
3216,6432,10342656,5,10349093
3217,6434,10349089,5,10355528
3218,6436,10355524,5,10361965
3219,6438,10361961,5,10368404
3220,6440,10368400,5,10374845
3221,6442,10374841,5,10381288
3222,6444,10381284,5,10387733
3223,6446,10387729,5,10394180
3224,6448,10394176,5,10400629
3225,6450,10400625,5,10407080
3226,6452,10407076,5,10413533
3227,6454,10413529,5,10419988
3228,6456,10419984,5,10426445
3229,6458,10426441,5,10432904
3230,6460,10432900,5,10439365
3231,6462,10439361,5,10445828
3232,6464,10445824,5,10452293
3233,6466,10452289,5,10458760
3234,6468,10458756,5,10465229
3235,6470,10465225,5,10471700
3236,6472,10471696,5,10478173
3237,6474,10478169,5,10484648
3238,6476,10484644,5,10491125
3239,6478,10491121,5,10497604
3240,6480,10497600,5,10504085
3241,6482,10504081,5,10510568
3242,6484,10510564,5,10517053
3243,6486,10517049,5,10523540
3244,6488,10523536,5,10530029
3245,6490,10530025,5,10536520
3246,6492,10536516,5,10543013
3247,6494,10543009,5,10549508
3248,6496,10549504,5,10556005
3249,6498,10556001,5,10562504
3250,6500,10562500,5,10569005
3251,6502,10569001,5,10575508
3252,6504,10575504,5,10582013
3253,6506,10582009,5,10588520
3254,6508,10588516,5,10595029
3255,6510,10595025,5,10601540
3256,6512,10601536,5,10608053
3257,6514,10608049,5,10614568
3258,6516,10614564,5,10621085
3259,6518,10621081,5,10627604
3260,6520,10627600,5,10634125
3261,6522,10634121,5,10640648
3262,6524,10640644,5,10647173
3263,6526,10647169,5,10653700
3264,6528,10653696,5,10660229
3265,6530,10660225,5,10666760
3266,6532,10666756,5,10673293
3267,6534,10673289,5,10679828
3268,6536,10679824,5,10686365
3269,6538,10686361,5,10692904
3270,6540,10692900,5,10699445
3271,6542,10699441,5,10705988
3272,6544,10705984,5,10712533
3273,6546,10712529,5,10719080
3274,6548,10719076,5,10725629
3275,6550,10725625,5,10732180
3276,6552,10732176,5,10738733
3277,6554,10738729,5,10745288
3278,6556,10745284,5,10751845
3279,6558,10751841,5,10758404
3280,6560,10758400,5,10764965
3281,6562,10764961,5,10771528
3282,6564,10771524,5,10778093
3283,6566,10778089,5,10784660
3284,6568,10784656,5,10791229
3285,6570,10791225,5,10797800
3286,6572,10797796,5,10804373
3287,6574,10804369,5,10810948
3288,6576,10810944,5,10817525
3289,6578,10817521,5,10824104
3290,6580,10824100,5,10830685
3291,6582,10830681,5,10837268
3292,6584,10837264,5,10843853
3293,6586,10843849,5,10850440
3294,6588,10850436,5,10857029
3295,6590,10857025,5,10863620
3296,6592,10863616,5,10870213
3297,6594,10870209,5,10876808
3298,6596,10876804,5,10883405
3299,6598,10883401,5,10890004
3300,6600,10890000,5,10896605
3301,6602,10896601,5,10903208
3302,6604,10903204,5,10909813
3303,6606,10909809,5,10916420
3304,6608,10916416,5,10923029
3305,6610,10923025,5,10929640
3306,6612,10929636,5,10936253
3307,6614,10936249,5,10942868
3308,6616,10942864,5,10949485
3309,6618,10949481,5,10956104
3310,6620,10956100,5,10962725
3311,6622,10962721,5,10969348
3312,6624,10969344,5,10975973
3313,6626,10975969,5,10982600
3314,6628,10982596,5,10989229
3315,6630,10989225,5,10995860
3316,6632,10995856,5,11002493
3317,6634,11002489,5,11009128
3318,6636,11009124,5,11015765
3319,6638,11015761,5,11022404
3320,6640,11022400,5,11029045
3321,6642,11029041,5,11035688
3322,6644,11035684,5,11042333
3323,6646,11042329,5,11048980
3324,6648,11048976,5,11055629
3325,6650,11055625,5,11062280
3326,6652,11062276,5,11068933
3327,6654,11068929,5,11075588
3328,6656,11075584,5,11082245
3329,6658,11082241,5,11088904
3330,6660,11088900,5,11095565
3331,6662,11095561,5,11102228
3332,6664,11102224,5,11108893
3333,6666,11108889,5,11115560
3334,6668,11115556,5,11122229
3335,6670,11122225,5,11128900
3336,6672,11128896,5,11135573
3337,6674,11135569,5,11142248
3338,6676,11142244,5,11148925
3339,6678,11148921,5,11155604
3340,6680,11155600,5,11162285
3341,6682,11162281,5,11168968
3342,6684,11168964,5,11175653
3343,6686,11175649,5,11182340
3344,6688,11182336,5,11189029
3345,6690,11189025,5,11195720
3346,6692,11195716,5,11202413
3347,6694,11202409,5,11209108
3348,6696,11209104,5,11215805
3349,6698,11215801,5,11222504
3350,6700,11222500,5,11229205
3351,6702,11229201,5,11235908
3352,6704,11235904,5,11242613
3353,6706,11242609,5,11249320
3354,6708,11249316,5,11256029
3355,6710,11256025,5,11262740
3356,6712,11262736,5,11269453
3357,6714,11269449,5,11276168
3358,6716,11276164,5,11282885
3359,6718,11282881,5,11289604
3360,6720,11289600,5,11296325
3361,6722,11296321,5,11303048
3362,6724,11303044,5,11309773
3363,6726,11309769,5,11316500
3364,6728,11316496,5,11323229
3365,6730,11323225,5,11329960
3366,6732,11329956,5,11336693
3367,6734,11336689,5,11343428
3368,6736,11343424,5,11350165
3369,6738,11350161,5,11356904
3370,6740,11356900,5,11363645
3371,6742,11363641,5,11370388
3372,6744,11370384,5,11377133
3373,6746,11377129,5,11383880
3374,6748,11383876,5,11390629
3375,6750,11390625,5,11397380
3376,6752,11397376,5,11404133
3377,6754,11404129,5,11410888
3378,6756,11410884,5,11417645
3379,6758,11417641,5,11424404
3380,6760,11424400,5,11431165
3381,6762,11431161,5,11437928
3382,6764,11437924,5,11444693
3383,6766,11444689,5,11451460
3384,6768,11451456,5,11458229
3385,6770,11458225,5,11465000
3386,6772,11464996,5,11471773
3387,6774,11471769,5,11478548
3388,6776,11478544,5,11485325
3389,6778,11485321,5,11492104
3390,6780,11492100,5,11498885
3391,6782,11498881,5,11505668
3392,6784,11505664,5,11512453
3393,6786,11512449,5,11519240
3394,6788,11519236,5,11526029
3395,6790,11526025,5,11532820
3396,6792,11532816,5,11539613
3397,6794,11539609,5,11546408
3398,6796,11546404,5,11553205
3399,6798,11553201,5,11560004
3400,6800,11560000,5,11566805
3401,6802,11566801,5,11573608
3402,6804,11573604,5,11580413
3403,6806,11580409,5,11587220
3404,6808,11587216,5,11594029
3405,6810,11594025,5,11600840
3406,6812,11600836,5,11607653
3407,6814,11607649,5,11614468
3408,6816,11614464,5,11621285
3409,6818,11621281,5,11628104
3410,6820,11628100,5,11634925
3411,6822,11634921,5,11641748
3412,6824,11641744,5,11648573
3413,6826,11648569,5,11655400
3414,6828,11655396,5,11662229
3415,6830,11662225,5,11669060
3416,6832,11669056,5,11675893
3417,6834,11675889,5,11682728
3418,6836,11682724,5,11689565
3419,6838,11689561,5,11696404
3420,6840,11696400,5,11703245
3421,6842,11703241,5,11710088
3422,6844,11710084,5,11716933
3423,6846,11716929,5,11723780
3424,6848,11723776,5,11730629
3425,6850,11730625,5,11737480
3426,6852,11737476,5,11744333
3427,6854,11744329,5,11751188
3428,6856,11751184,5,11758045
3429,6858,11758041,5,11764904
3430,6860,11764900,5,11771765
3431,6862,11771761,5,11778628
3432,6864,11778624,5,11785493
3433,6866,11785489,5,11792360
3434,6868,11792356,5,11799229
3435,6870,11799225,5,11806100
3436,6872,11806096,5,11812973
3437,6874,11812969,5,11819848
3438,6876,11819844,5,11826725
3439,6878,11826721,5,11833604
3440,6880,11833600,5,11840485
3441,6882,11840481,5,11847368
3442,6884,11847364,5,11854253
3443,6886,11854249,5,11861140
3444,6888,11861136,5,11868029
3445,6890,11868025,5,11874920
3446,6892,11874916,5,11881813
3447,6894,11881809,5,11888708
3448,6896,11888704,5,11895605
3449,6898,11895601,5,11902504
3450,6900,11902500,5,11909405
3451,6902,11909401,5,11916308
3452,6904,11916304,5,11923213
3453,6906,11923209,5,11930120
3454,6908,11930116,5,11937029
3455,6910,11937025,5,11943940
3456,6912,11943936,5,11950853
3457,6914,11950849,5,11957768
3458,6916,11957764,5,11964685
3459,6918,11964681,5,11971604
3460,6920,11971600,5,11978525
3461,6922,11978521,5,11985448
3462,6924,11985444,5,11992373
3463,6926,11992369,5,11999300
3464,6928,11999296,5,12006229
3465,6930,12006225,5,12013160
3466,6932,12013156,5,12020093
3467,6934,12020089,5,12027028
3468,6936,12027024,5,12033965
3469,6938,12033961,5,12040904
3470,6940,12040900,5,12047845
3471,6942,12047841,5,12054788
3472,6944,12054784,5,12061733
3473,6946,12061729,5,12068680
3474,6948,12068676,5,12075629
3475,6950,12075625,5,12082580
3476,6952,12082576,5,12089533
3477,6954,12089529,5,12096488
3478,6956,12096484,5,12103445
3479,6958,12103441,5,12110404
3480,6960,12110400,5,12117365
3481,6962,12117361,5,12124328
3482,6964,12124324,5,12131293
3483,6966,12131289,5,12138260
3484,6968,12138256,5,12145229
3485,6970,12145225,5,12152200
3486,6972,12152196,5,12159173
3487,6974,12159169,5,12166148
3488,6976,12166144,5,12173125
3489,6978,12173121,5,12180104
3490,6980,12180100,5,12187085
3491,6982,12187081,5,12194068
3492,6984,12194064,5,12201053
3493,6986,12201049,5,12208040
3494,6988,12208036,5,12215029
3495,6990,12215025,5,12222020
3496,6992,12222016,5,12229013
3497,6994,12229009,5,12236008
3498,6996,12236004,5,12243005
3499,6998,12243001,5,12250004
3500,7000,12250000,5,12257005
3501,7002,12257001,5,12264008
3502,7004,12264004,5,12271013
3503,7006,12271009,5,12278020
3504,7008,12278016,5,12285029
3505,7010,12285025,5,12292040
3506,7012,12292036,5,12299053
3507,7014,12299049,5,12306068
3508,7016,12306064,5,12313085
3509,7018,12313081,5,12320104
3510,7020,12320100,5,12327125
3511,7022,12327121,5,12334148
3512,7024,12334144,5,12341173
3513,7026,12341169,5,12348200
3514,7028,12348196,5,12355229
3515,7030,12355225,5,12362260
3516,7032,12362256,5,12369293
3517,7034,12369289,5,12376328
3518,7036,12376324,5,12383365
3519,7038,12383361,5,12390404
3520,7040,12390400,5,12397445
3521,7042,12397441,5,12404488
3522,7044,12404484,5,12411533
3523,7046,12411529,5,12418580
3524,7048,12418576,5,12425629
3525,7050,12425625,5,12432680
3526,7052,12432676,5,12439733
3527,7054,12439729,5,12446788
3528,7056,12446784,5,12453845
3529,7058,12453841,5,12460904
3530,7060,12460900,5,12467965
3531,7062,12467961,5,12475028
3532,7064,12475024,5,12482093
3533,7066,12482089,5,12489160
3534,7068,12489156,5,12496229
3535,7070,12496225,5,12503300
3536,7072,12503296,5,12510373
3537,7074,12510369,5,12517448
3538,7076,12517444,5,12524525
3539,7078,12524521,5,12531604
3540,7080,12531600,5,12538685
3541,7082,12538681,5,12545768
3542,7084,12545764,5,12552853
3543,7086,12552849,5,12559940
3544,7088,12559936,5,12567029
3545,7090,12567025,5,12574120
3546,7092,12574116,5,12581213
3547,7094,12581209,5,12588308
3548,7096,12588304,5,12595405
3549,7098,12595401,5,12602504
3550,7100,12602500,5,12609605
3551,7102,12609601,5,12616708
3552,7104,12616704,5,12623813
3553,7106,12623809,5,12630920
3554,7108,12630916,5,12638029
3555,7110,12638025,5,12645140
3556,7112,12645136,5,12652253
3557,7114,12652249,5,12659368
3558,7116,12659364,5,12666485
3559,7118,12666481,5,12673604
3560,7120,12673600,5,12680725
3561,7122,12680721,5,12687848
3562,7124,12687844,5,12694973
3563,7126,12694969,5,12702100
3564,7128,12702096,5,12709229
3565,7130,12709225,5,12716360
3566,7132,12716356,5,12723493
3567,7134,12723489,5,12730628
3568,7136,12730624,5,12737765
3569,7138,12737761,5,12744904
3570,7140,12744900,5,12752045
3571,7142,12752041,5,12759188
3572,7144,12759184,5,12766333
3573,7146,12766329,5,12773480
3574,7148,12773476,5,12780629
3575,7150,12780625,5,12787780
3576,7152,12787776,5,12794933
3577,7154,12794929,5,12802088
3578,7156,12802084,5,12809245
3579,7158,12809241,5,12816404
3580,7160,12816400,5,12823565
3581,7162,12823561,5,12830728
3582,7164,12830724,5,12837893
3583,7166,12837889,5,12845060
3584,7168,12845056,5,12852229
3585,7170,12852225,5,12859400
3586,7172,12859396,5,12866573
3587,7174,12866569,5,12873748
3588,7176,12873744,5,12880925
3589,7178,12880921,5,12888104
3590,7180,12888100,5,12895285
3591,7182,12895281,5,12902468
3592,7184,12902464,5,12909653
3593,7186,12909649,5,12916840
3594,7188,12916836,5,12924029
3595,7190,12924025,5,12931220
3596,7192,12931216,5,12938413
3597,7194,12938409,5,12945608
3598,7196,12945604,5,12952805
3599,7198,12952801,5,12960004
3600,7200,12960000,5,12967205
3601,7202,12967201,5,12974408
3602,7204,12974404,5,12981613
3603,7206,12981609,5,12988820
3604,7208,12988816,5,12996029
3605,7210,12996025,5,13003240
3606,7212,13003236,5,13010453
3607,7214,13010449,5,13017668
3608,7216,13017664,5,13024885
3609,7218,13024881,5,13032104
3610,7220,13032100,5,13039325
3611,7222,13039321,5,13046548
3612,7224,13046544,5,13053773
3613,7226,13053769,5,13061000
3614,7228,13060996,5,13068229
3615,7230,13068225,5,13075460
3616,7232,13075456,5,13082693
3617,7234,13082689,5,13089928
3618,7236,13089924,5,13097165
3619,7238,13097161,5,13104404
3620,7240,13104400,5,13111645
3621,7242,13111641,5,13118888
3622,7244,13118884,5,13126133
3623,7246,13126129,5,13133380
3624,7248,13133376,5,13140629
3625,7250,13140625,5,13147880
3626,7252,13147876,5,13155133
3627,7254,13155129,5,13162388
3628,7256,13162384,5,13169645
3629,7258,13169641,5,13176904
3630,7260,13176900,5,13184165
3631,7262,13184161,5,13191428
3632,7264,13191424,5,13198693
3633,7266,13198689,5,13205960
3634,7268,13205956,5,13213229
3635,7270,13213225,5,13220500
3636,7272,13220496,5,13227773
3637,7274,13227769,5,13235048
3638,7276,13235044,5,13242325
3639,7278,13242321,5,13249604
3640,7280,13249600,5,13256885
3641,7282,13256881,5,13264168
3642,7284,13264164,5,13271453
3643,7286,13271449,5,13278740
3644,7288,13278736,5,13286029
3645,7290,13286025,5,13293320
3646,7292,13293316,5,13300613
3647,7294,13300609,5,13307908
3648,7296,13307904,5,13315205
3649,7298,13315201,5,13322504
3650,7300,13322500,5,13329805
3651,7302,13329801,5,13337108
3652,7304,13337104,5,13344413
3653,7306,13344409,5,13351720
3654,7308,13351716,5,13359029
3655,7310,13359025,5,13366340
3656,7312,13366336,5,13373653
3657,7314,13373649,5,13380968
3658,7316,13380964,5,13388285
3659,7318,13388281,5,13395604
3660,7320,13395600,5,13402925
3661,7322,13402921,5,13410248
3662,7324,13410244,5,13417573
3663,7326,13417569,5,13424900
3664,7328,13424896,5,13432229
3665,7330,13432225,5,13439560
3666,7332,13439556,5,13446893
3667,7334,13446889,5,13454228
3668,7336,13454224,5,13461565
3669,7338,13461561,5,13468904
3670,7340,13468900,5,13476245
3671,7342,13476241,5,13483588
3672,7344,13483584,5,13490933
3673,7346,13490929,5,13498280
3674,7348,13498276,5,13505629
3675,7350,13505625,5,13512980
3676,7352,13512976,5,13520333
3677,7354,13520329,5,13527688
3678,7356,13527684,5,13535045
3679,7358,13535041,5,13542404
3680,7360,13542400,5,13549765
3681,7362,13549761,5,13557128
3682,7364,13557124,5,13564493
3683,7366,13564489,5,13571860
3684,7368,13571856,5,13579229
3685,7370,13579225,5,13586600
3686,7372,13586596,5,13593973
3687,7374,13593969,5,13601348
3688,7376,13601344,5,13608725
3689,7378,13608721,5,13616104
3690,7380,13616100,5,13623485
3691,7382,13623481,5,13630868
3692,7384,13630864,5,13638253
3693,7386,13638249,5,13645640
3694,7388,13645636,5,13653029
3695,7390,13653025,5,13660420
3696,7392,13660416,5,13667813
3697,7394,13667809,5,13675208
3698,7396,13675204,5,13682605
3699,7398,13682601,5,13690004
3700,7400,13690000,5,13697405
3701,7402,13697401,5,13704808
3702,7404,13704804,5,13712213
3703,7406,13712209,5,13719620
3704,7408,13719616,5,13727029
3705,7410,13727025,5,13734440
3706,7412,13734436,5,13741853
3707,7414,13741849,5,13749268
3708,7416,13749264,5,13756685
3709,7418,13756681,5,13764104
3710,7420,13764100,5,13771525
3711,7422,13771521,5,13778948
3712,7424,13778944,5,13786373
3713,7426,13786369,5,13793800
3714,7428,13793796,5,13801229
3715,7430,13801225,5,13808660
3716,7432,13808656,5,13816093
3717,7434,13816089,5,13823528
3718,7436,13823524,5,13830965
3719,7438,13830961,5,13838404
3720,7440,13838400,5,13845845
3721,7442,13845841,5,13853288
3722,7444,13853284,5,13860733
3723,7446,13860729,5,13868180
3724,7448,13868176,5,13875629
3725,7450,13875625,5,13883080
3726,7452,13883076,5,13890533
3727,7454,13890529,5,13897988
3728,7456,13897984,5,13905445
3729,7458,13905441,5,13912904
3730,7460,13912900,5,13920365
3731,7462,13920361,5,13927828
3732,7464,13927824,5,13935293
3733,7466,13935289,5,13942760
3734,7468,13942756,5,13950229
3735,7470,13950225,5,13957700
3736,7472,13957696,5,13965173
3737,7474,13965169,5,13972648
3738,7476,13972644,5,13980125
3739,7478,13980121,5,13987604
3740,7480,13987600,5,13995085
3741,7482,13995081,5,14002568
3742,7484,14002564,5,14010053
3743,7486,14010049,5,14017540
3744,7488,14017536,5,14025029
3745,7490,14025025,5,14032520
3746,7492,14032516,5,14040013
3747,7494,14040009,5,14047508
3748,7496,14047504,5,14055005
3749,7498,14055001,5,14062504
3750,7500,14062500,5,14070005
3751,7502,14070001,5,14077508
3752,7504,14077504,5,14085013
3753,7506,14085009,5,14092520
3754,7508,14092516,5,14100029
3755,7510,14100025,5,14107540
3756,7512,14107536,5,14115053
3757,7514,14115049,5,14122568
3758,7516,14122564,5,14130085
3759,7518,14130081,5,14137604
3760,7520,14137600,5,14145125
3761,7522,14145121,5,14152648
3762,7524,14152644,5,14160173
3763,7526,14160169,5,14167700
3764,7528,14167696,5,14175229
3765,7530,14175225,5,14182760
3766,7532,14182756,5,14190293
3767,7534,14190289,5,14197828
3768,7536,14197824,5,14205365
3769,7538,14205361,5,14212904
3770,7540,14212900,5,14220445
3771,7542,14220441,5,14227988
3772,7544,14227984,5,14235533
3773,7546,14235529,5,14243080
3774,7548,14243076,5,14250629
3775,7550,14250625,5,14258180
3776,7552,14258176,5,14265733
3777,7554,14265729,5,14273288
3778,7556,14273284,5,14280845
3779,7558,14280841,5,14288404
3780,7560,14288400,5,14295965
3781,7562,14295961,5,14303528
3782,7564,14303524,5,14311093
3783,7566,14311089,5,14318660
3784,7568,14318656,5,14326229
3785,7570,14326225,5,14333800
3786,7572,14333796,5,14341373
3787,7574,14341369,5,14348948
3788,7576,14348944,5,14356525
3789,7578,14356521,5,14364104
3790,7580,14364100,5,14371685
3791,7582,14371681,5,14379268
3792,7584,14379264,5,14386853
3793,7586,14386849,5,14394440
3794,7588,14394436,5,14402029
3795,7590,14402025,5,14409620
3796,7592,14409616,5,14417213
3797,7594,14417209,5,14424808
3798,7596,14424804,5,14432405
3799,7598,14432401,5,14440004
3800,7600,14440000,5,14447605
3801,7602,14447601,5,14455208
3802,7604,14455204,5,14462813
3803,7606,14462809,5,14470420
3804,7608,14470416,5,14478029
3805,7610,14478025,5,14485640
3806,7612,14485636,5,14493253
3807,7614,14493249,5,14500868
3808,7616,14500864,5,14508485
3809,7618,14508481,5,14516104
3810,7620,14516100,5,14523725
3811,7622,14523721,5,14531348
3812,7624,14531344,5,14538973
3813,7626,14538969,5,14546600
3814,7628,14546596,5,14554229
3815,7630,14554225,5,14561860
3816,7632,14561856,5,14569493
3817,7634,14569489,5,14577128
3818,7636,14577124,5,14584765
3819,7638,14584761,5,14592404
3820,7640,14592400,5,14600045
3821,7642,14600041,5,14607688
3822,7644,14607684,5,14615333
3823,7646,14615329,5,14622980
3824,7648,14622976,5,14630629
3825,7650,14630625,5,14638280
3826,7652,14638276,5,14645933
3827,7654,14645929,5,14653588
3828,7656,14653584,5,14661245
3829,7658,14661241,5,14668904
3830,7660,14668900,5,14676565
3831,7662,14676561,5,14684228
3832,7664,14684224,5,14691893
3833,7666,14691889,5,14699560
3834,7668,14699556,5,14707229
3835,7670,14707225,5,14714900
3836,7672,14714896,5,14722573
3837,7674,14722569,5,14730248
3838,7676,14730244,5,14737925
3839,7678,14737921,5,14745604
3840,7680,14745600,5,14753285
3841,7682,14753281,5,14760968
3842,7684,14760964,5,14768653
3843,7686,14768649,5,14776340
3844,7688,14776336,5,14784029
3845,7690,14784025,5,14791720
3846,7692,14791716,5,14799413
3847,7694,14799409,5,14807108
3848,7696,14807104,5,14814805
3849,7698,14814801,5,14822504
3850,7700,14822500,5,14830205
3851,7702,14830201,5,14837908
3852,7704,14837904,5,14845613
3853,7706,14845609,5,14853320
3854,7708,14853316,5,14861029
3855,7710,14861025,5,14868740
3856,7712,14868736,5,14876453
3857,7714,14876449,5,14884168
3858,7716,14884164,5,14891885
3859,7718,14891881,5,14899604
3860,7720,14899600,5,14907325
3861,7722,14907321,5,14915048
3862,7724,14915044,5,14922773
3863,7726,14922769,5,14930500
3864,7728,14930496,5,14938229
3865,7730,14938225,5,14945960
3866,7732,14945956,5,14953693
3867,7734,14953689,5,14961428
3868,7736,14961424,5,14969165
3869,7738,14969161,5,14976904
3870,7740,14976900,5,14984645
3871,7742,14984641,5,14992388
3872,7744,14992384,5,15000133
3873,7746,15000129,5,15007880
3874,7748,15007876,5,15015629
3875,7750,15015625,5,15023380
3876,7752,15023376,5,15031133
3877,7754,15031129,5,15038888
3878,7756,15038884,5,15046645
3879,7758,15046641,5,15054404
3880,7760,15054400,5,15062165
3881,7762,15062161,5,15069928
3882,7764,15069924,5,15077693
3883,7766,15077689,5,15085460
3884,7768,15085456,5,15093229
3885,7770,15093225,5,15101000
3886,7772,15100996,5,15108773
3887,7774,15108769,5,15116548
3888,7776,15116544,5,15124325
3889,7778,15124321,5,15132104
3890,7780,15132100,5,15139885
3891,7782,15139881,5,15147668
3892,7784,15147664,5,15155453
3893,7786,15155449,5,15163240
3894,7788,15163236,5,15171029
3895,7790,15171025,5,15178820
3896,7792,15178816,5,15186613
3897,7794,15186609,5,15194408
3898,7796,15194404,5,15202205
3899,7798,15202201,5,15210004
3900,7800,15210000,5,15217805
3901,7802,15217801,5,15225608
3902,7804,15225604,5,15233413
3903,7806,15233409,5,15241220
3904,7808,15241216,5,15249029
3905,7810,15249025,5,15256840
3906,7812,15256836,5,15264653
3907,7814,15264649,5,15272468
3908,7816,15272464,5,15280285
3909,7818,15280281,5,15288104
3910,7820,15288100,5,15295925
3911,7822,15295921,5,15303748
3912,7824,15303744,5,15311573
3913,7826,15311569,5,15319400
3914,7828,15319396,5,15327229
3915,7830,15327225,5,15335060
3916,7832,15335056,5,15342893
3917,7834,15342889,5,15350728
3918,7836,15350724,5,15358565
3919,7838,15358561,5,15366404
3920,7840,15366400,5,15374245
3921,7842,15374241,5,15382088
3922,7844,15382084,5,15389933
3923,7846,15389929,5,15397780
3924,7848,15397776,5,15405629
3925,7850,15405625,5,15413480
3926,7852,15413476,5,15421333
3927,7854,15421329,5,15429188
3928,7856,15429184,5,15437045
3929,7858,15437041,5,15444904
3930,7860,15444900,5,15452765
3931,7862,15452761,5,15460628
3932,7864,15460624,5,15468493
3933,7866,15468489,5,15476360
3934,7868,15476356,5,15484229
3935,7870,15484225,5,15492100
3936,7872,15492096,5,15499973
3937,7874,15499969,5,15507848
3938,7876,15507844,5,15515725
3939,7878,15515721,5,15523604
3940,7880,15523600,5,15531485
3941,7882,15531481,5,15539368
3942,7884,15539364,5,15547253
3943,7886,15547249,5,15555140
3944,7888,15555136,5,15563029
3945,7890,15563025,5,15570920
3946,7892,15570916,5,15578813
3947,7894,15578809,5,15586708
3948,7896,15586704,5,15594605
3949,7898,15594601,5,15602504
3950,7900,15602500,5,15610405
3951,7902,15610401,5,15618308
3952,7904,15618304,5,15626213
3953,7906,15626209,5,15634120
3954,7908,15634116,5,15642029
3955,7910,15642025,5,15649940
3956,7912,15649936,5,15657853
3957,7914,15657849,5,15665768
3958,7916,15665764,5,15673685
3959,7918,15673681,5,15681604
3960,7920,15681600,5,15689525
3961,7922,15689521,5,15697448
3962,7924,15697444,5,15705373
3963,7926,15705369,5,15713300
3964,7928,15713296,5,15721229
3965,7930,15721225,5,15729160
3966,7932,15729156,5,15737093
3967,7934,15737089,5,15745028
3968,7936,15745024,5,15752965
3969,7938,15752961,5,15760904
3970,7940,15760900,5,15768845
3971,7942,15768841,5,15776788
3972,7944,15776784,5,15784733
3973,7946,15784729,5,15792680
3974,7948,15792676,5,15800629
3975,7950,15800625,5,15808580
3976,7952,15808576,5,15816533
3977,7954,15816529,5,15824488
3978,7956,15824484,5,15832445
3979,7958,15832441,5,15840404
3980,7960,15840400,5,15848365
3981,7962,15848361,5,15856328
3982,7964,15856324,5,15864293
3983,7966,15864289,5,15872260
3984,7968,15872256,5,15880229
3985,7970,15880225,5,15888200
3986,7972,15888196,5,15896173
3987,7974,15896169,5,15904148
3988,7976,15904144,5,15912125
3989,7978,15912121,5,15920104
3990,7980,15920100,5,15928085
3991,7982,15928081,5,15936068
3992,7984,15936064,5,15944053
3993,7986,15944049,5,15952040
3994,7988,15952036,5,15960029
3995,7990,15960025,5,15968020
3996,7992,15968016,5,15976013
3997,7994,15976009,5,15984008
3998,7996,15984004,5,15992005
3999,7998,15992001,5,16000004
4000,8000,16000000,5,16008005
4001,8002,16008001,5,16016008
4002,8004,16016004,5,16024013
4003,8006,16024009,5,16032020
4004,8008,16032016,5,16040029
4005,8010,16040025,5,16048040
4006,8012,16048036,5,16056053
4007,8014,16056049,5,16064068
4008,8016,16064064,5,16072085
4009,8018,16072081,5,16080104
4010,8020,16080100,5,16088125
4011,8022,16088121,5,16096148
4012,8024,16096144,5,16104173
4013,8026,16104169,5,16112200
4014,8028,16112196,5,16120229
4015,8030,16120225,5,16128260
4016,8032,16128256,5,16136293
4017,8034,16136289,5,16144328
4018,8036,16144324,5,16152365
4019,8038,16152361,5,16160404
4020,8040,16160400,5,16168445
4021,8042,16168441,5,16176488
4022,8044,16176484,5,16184533
4023,8046,16184529,5,16192580
4024,8048,16192576,5,16200629
4025,8050,16200625,5,16208680
4026,8052,16208676,5,16216733
4027,8054,16216729,5,16224788
4028,8056,16224784,5,16232845
4029,8058,16232841,5,16240904
4030,8060,16240900,5,16248965
4031,8062,16248961,5,16257028
4032,8064,16257024,5,16265093
4033,8066,16265089,5,16273160
4034,8068,16273156,5,16281229
4035,8070,16281225,5,16289300
4036,8072,16289296,5,16297373
4037,8074,16297369,5,16305448
4038,8076,16305444,5,16313525
4039,8078,16313521,5,16321604
4040,8080,16321600,5,16329685
4041,8082,16329681,5,16337768
4042,8084,16337764,5,16345853
4043,8086,16345849,5,16353940
4044,8088,16353936,5,16362029
4045,8090,16362025,5,16370120
4046,8092,16370116,5,16378213
4047,8094,16378209,5,16386308
4048,8096,16386304,5,16394405
4049,8098,16394401,5,16402504
4050,8100,16402500,5,16410605
4051,8102,16410601,5,16418708
4052,8104,16418704,5,16426813
4053,8106,16426809,5,16434920
4054,8108,16434916,5,16443029
4055,8110,16443025,5,16451140
4056,8112,16451136,5,16459253
4057,8114,16459249,5,16467368
4058,8116,16467364,5,16475485
4059,8118,16475481,5,16483604
4060,8120,16483600,5,16491725
4061,8122,16491721,5,16499848
4062,8124,16499844,5,16507973
4063,8126,16507969,5,16516100
4064,8128,16516096,5,16524229
4065,8130,16524225,5,16532360
4066,8132,16532356,5,16540493
4067,8134,16540489,5,16548628
4068,8136,16548624,5,16556765
4069,8138,16556761,5,16564904
4070,8140,16564900,5,16573045
4071,8142,16573041,5,16581188
4072,8144,16581184,5,16589333
4073,8146,16589329,5,16597480
4074,8148,16597476,5,16605629
4075,8150,16605625,5,16613780
4076,8152,16613776,5,16621933
4077,8154,16621929,5,16630088
4078,8156,16630084,5,16638245
4079,8158,16638241,5,16646404
4080,8160,16646400,5,16654565
4081,8162,16654561,5,16662728
4082,8164,16662724,5,16670893
4083,8166,16670889,5,16679060
4084,8168,16679056,5,16687229
4085,8170,16687225,5,16695400
4086,8172,16695396,5,16703573
4087,8174,16703569,5,16711748
4088,8176,16711744,5,16719925
4089,8178,16719921,5,16728104
4090,8180,16728100,5,16736285
4091,8182,16736281,5,16744468
4092,8184,16744464,5,16752653
4093,8186,16752649,5,16760840
4094,8188,16760836,5,16769029
4095,8190,16769025,5,16777220
4096,8192,16777216,5,16785413
4097,8194,16785409,5,16793608
4098,8196,16793604,5,16801805
4099,8198,16801801,5,16810004
4100,8200,16810000,5,16818205
4101,8202,16818201,5,16826408
4102,8204,16826404,5,16834613
4103,8206,16834609,5,16842820
4104,8208,16842816,5,16851029
4105,8210,16851025,5,16859240
4106,8212,16859236,5,16867453
4107,8214,16867449,5,16875668
4108,8216,16875664,5,16883885
4109,8218,16883881,5,16892104
4110,8220,16892100,5,16900325
4111,8222,16900321,5,16908548
4112,8224,16908544,5,16916773
4113,8226,16916769,5,16925000
4114,8228,16924996,5,16933229
4115,8230,16933225,5,16941460
4116,8232,16941456,5,16949693
4117,8234,16949689,5,16957928
4118,8236,16957924,5,16966165
4119,8238,16966161,5,16974404
4120,8240,16974400,5,16982645
4121,8242,16982641,5,16990888
4122,8244,16990884,5,16999133
4123,8246,16999129,5,17007380
4124,8248,17007376,5,17015629
4125,8250,17015625,5,17023880
4126,8252,17023876,5,17032133
4127,8254,17032129,5,17040388
4128,8256,17040384,5,17048645
4129,8258,17048641,5,17056904
4130,8260,17056900,5,17065165
4131,8262,17065161,5,17073428
4132,8264,17073424,5,17081693
4133,8266,17081689,5,17089960
4134,8268,17089956,5,17098229
4135,8270,17098225,5,17106500
4136,8272,17106496,5,17114773
4137,8274,17114769,5,17123048
4138,8276,17123044,5,17131325
4139,8278,17131321,5,17139604
4140,8280,17139600,5,17147885
4141,8282,17147881,5,17156168
4142,8284,17156164,5,17164453
4143,8286,17164449,5,17172740
4144,8288,17172736,5,17181029
4145,8290,17181025,5,17189320
4146,8292,17189316,5,17197613
4147,8294,17197609,5,17205908
4148,8296,17205904,5,17214205
4149,8298,17214201,5,17222504
4150,8300,17222500,5,17230805
4151,8302,17230801,5,17239108
4152,8304,17239104,5,17247413
4153,8306,17247409,5,17255720
4154,8308,17255716,5,17264029
4155,8310,17264025,5,17272340
4156,8312,17272336,5,17280653
4157,8314,17280649,5,17288968
4158,8316,17288964,5,17297285
4159,8318,17297281,5,17305604
4160,8320,17305600,5,17313925
4161,8322,17313921,5,17322248
4162,8324,17322244,5,17330573
4163,8326,17330569,5,17338900
4164,8328,17338896,5,17347229
4165,8330,17347225,5,17355560
4166,8332,17355556,5,17363893
4167,8334,17363889,5,17372228
4168,8336,17372224,5,17380565
4169,8338,17380561,5,17388904
4170,8340,17388900,5,17397245
4171,8342,17397241,5,17405588
4172,8344,17405584,5,17413933
4173,8346,17413929,5,17422280
4174,8348,17422276,5,17430629
4175,8350,17430625,5,17438980
4176,8352,17438976,5,17447333
4177,8354,17447329,5,17455688
4178,8356,17455684,5,17464045
4179,8358,17464041,5,17472404
4180,8360,17472400,5,17480765
4181,8362,17480761,5,17489128
4182,8364,17489124,5,17497493
4183,8366,17497489,5,17505860
4184,8368,17505856,5,17514229
4185,8370,17514225,5,17522600
4186,8372,17522596,5,17530973
4187,8374,17530969,5,17539348
4188,8376,17539344,5,17547725
4189,8378,17547721,5,17556104
4190,8380,17556100,5,17564485
4191,8382,17564481,5,17572868
4192,8384,17572864,5,17581253
4193,8386,17581249,5,17589640
4194,8388,17589636,5,17598029
4195,8390,17598025,5,17606420
4196,8392,17606416,5,17614813
4197,8394,17614809,5,17623208
4198,8396,17623204,5,17631605
4199,8398,17631601,5,17640004
4200,8400,17640000,5,17648405
4201,8402,17648401,5,17656808
4202,8404,17656804,5,17665213
4203,8406,17665209,5,17673620
4204,8408,17673616,5,17682029
4205,8410,17682025,5,17690440
4206,8412,17690436,5,17698853
4207,8414,17698849,5,17707268
4208,8416,17707264,5,17715685
4209,8418,17715681,5,17724104
4210,8420,17724100,5,17732525
4211,8422,17732521,5,17740948
4212,8424,17740944,5,17749373
4213,8426,17749369,5,17757800
4214,8428,17757796,5,17766229
4215,8430,17766225,5,17774660
4216,8432,17774656,5,17783093
4217,8434,17783089,5,17791528
4218,8436,17791524,5,17799965
4219,8438,17799961,5,17808404
4220,8440,17808400,5,17816845
4221,8442,17816841,5,17825288
4222,8444,17825284,5,17833733
4223,8446,17833729,5,17842180
4224,8448,17842176,5,17850629
4225,8450,17850625,5,17859080
4226,8452,17859076,5,17867533
4227,8454,17867529,5,17875988
4228,8456,17875984,5,17884445
4229,8458,17884441,5,17892904
4230,8460,17892900,5,17901365
4231,8462,17901361,5,17909828
4232,8464,17909824,5,17918293
4233,8466,17918289,5,17926760
4234,8468,17926756,5,17935229
4235,8470,17935225,5,17943700
4236,8472,17943696,5,17952173
4237,8474,17952169,5,17960648
4238,8476,17960644,5,17969125
4239,8478,17969121,5,17977604
4240,8480,17977600,5,17986085
4241,8482,17986081,5,17994568
4242,8484,17994564,5,18003053
4243,8486,18003049,5,18011540
4244,8488,18011536,5,18020029
4245,8490,18020025,5,18028520
4246,8492,18028516,5,18037013
4247,8494,18037009,5,18045508
4248,8496,18045504,5,18054005
4249,8498,18054001,5,18062504
4250,8500,18062500,5,18071005
4251,8502,18071001,5,18079508
4252,8504,18079504,5,18088013
4253,8506,18088009,5,18096520
4254,8508,18096516,5,18105029
4255,8510,18105025,5,18113540
4256,8512,18113536,5,18122053
4257,8514,18122049,5,18130568
4258,8516,18130564,5,18139085
4259,8518,18139081,5,18147604
4260,8520,18147600,5,18156125
4261,8522,18156121,5,18164648
4262,8524,18164644,5,18173173
4263,8526,18173169,5,18181700
4264,8528,18181696,5,18190229
4265,8530,18190225,5,18198760
4266,8532,18198756,5,18207293
4267,8534,18207289,5,18215828
4268,8536,18215824,5,18224365
4269,8538,18224361,5,18232904
4270,8540,18232900,5,18241445
4271,8542,18241441,5,18249988
4272,8544,18249984,5,18258533
4273,8546,18258529,5,18267080
4274,8548,18267076,5,18275629
4275,8550,18275625,5,18284180
4276,8552,18284176,5,18292733
4277,8554,18292729,5,18301288
4278,8556,18301284,5,18309845
4279,8558,18309841,5,18318404
4280,8560,18318400,5,18326965
4281,8562,18326961,5,18335528
4282,8564,18335524,5,18344093
4283,8566,18344089,5,18352660
4284,8568,18352656,5,18361229
4285,8570,18361225,5,18369800
4286,8572,18369796,5,18378373
4287,8574,18378369,5,18386948
4288,8576,18386944,5,18395525
4289,8578,18395521,5,18404104
4290,8580,18404100,5,18412685
4291,8582,18412681,5,18421268
4292,8584,18421264,5,18429853
4293,8586,18429849,5,18438440
4294,8588,18438436,5,18447029
4295,8590,18447025,5,18455620
4296,8592,18455616,5,18464213
4297,8594,18464209,5,18472808
4298,8596,18472804,5,18481405
4299,8598,18481401,5,18490004
4300,8600,18490000,5,18498605
4301,8602,18498601,5,18507208
4302,8604,18507204,5,18515813
4303,8606,18515809,5,18524420
4304,8608,18524416,5,18533029
4305,8610,18533025,5,18541640
4306,8612,18541636,5,18550253
4307,8614,18550249,5,18558868
4308,8616,18558864,5,18567485
4309,8618,18567481,5,18576104
4310,8620,18576100,5,18584725
4311,8622,18584721,5,18593348
4312,8624,18593344,5,18601973
4313,8626,18601969,5,18610600
4314,8628,18610596,5,18619229
4315,8630,18619225,5,18627860
4316,8632,18627856,5,18636493
4317,8634,18636489,5,18645128
4318,8636,18645124,5,18653765
4319,8638,18653761,5,18662404
4320,8640,18662400,5,18671045
4321,8642,18671041,5,18679688
4322,8644,18679684,5,18688333
4323,8646,18688329,5,18696980
4324,8648,18696976,5,18705629
4325,8650,18705625,5,18714280
4326,8652,18714276,5,18722933
4327,8654,18722929,5,18731588
4328,8656,18731584,5,18740245
4329,8658,18740241,5,18748904
4330,8660,18748900,5,18757565
4331,8662,18757561,5,18766228
4332,8664,18766224,5,18774893
4333,8666,18774889,5,18783560
4334,8668,18783556,5,18792229
4335,8670,18792225,5,18800900
4336,8672,18800896,5,18809573
4337,8674,18809569,5,18818248
4338,8676,18818244,5,18826925
4339,8678,18826921,5,18835604
4340,8680,18835600,5,18844285
4341,8682,18844281,5,18852968
4342,8684,18852964,5,18861653
4343,8686,18861649,5,18870340
4344,8688,18870336,5,18879029
4345,8690,18879025,5,18887720
4346,8692,18887716,5,18896413
4347,8694,18896409,5,18905108
4348,8696,18905104,5,18913805
4349,8698,18913801,5,18922504
4350,8700,18922500,5,18931205
4351,8702,18931201,5,18939908
4352,8704,18939904,5,18948613
4353,8706,18948609,5,18957320
4354,8708,18957316,5,18966029
4355,8710,18966025,5,18974740
4356,8712,18974736,5,18983453
4357,8714,18983449,5,18992168
4358,8716,18992164,5,19000885
4359,8718,19000881,5,19009604
4360,8720,19009600,5,19018325
4361,8722,19018321,5,19027048
4362,8724,19027044,5,19035773
4363,8726,19035769,5,19044500
4364,8728,19044496,5,19053229
4365,8730,19053225,5,19061960
4366,8732,19061956,5,19070693
4367,8734,19070689,5,19079428
4368,8736,19079424,5,19088165
4369,8738,19088161,5,19096904
4370,8740,19096900,5,19105645
4371,8742,19105641,5,19114388
4372,8744,19114384,5,19123133
4373,8746,19123129,5,19131880
4374,8748,19131876,5,19140629
4375,8750,19140625,5,19149380
4376,8752,19149376,5,19158133
4377,8754,19158129,5,19166888
4378,8756,19166884,5,19175645
4379,8758,19175641,5,19184404
4380,8760,19184400,5,19193165
4381,8762,19193161,5,19201928
4382,8764,19201924,5,19210693
4383,8766,19210689,5,19219460
4384,8768,19219456,5,19228229
4385,8770,19228225,5,19237000
4386,8772,19236996,5,19245773
4387,8774,19245769,5,19254548
4388,8776,19254544,5,19263325
4389,8778,19263321,5,19272104
4390,8780,19272100,5,19280885
4391,8782,19280881,5,19289668
4392,8784,19289664,5,19298453
4393,8786,19298449,5,19307240
4394,8788,19307236,5,19316029
4395,8790,19316025,5,19324820
4396,8792,19324816,5,19333613
4397,8794,19333609,5,19342408
4398,8796,19342404,5,19351205
4399,8798,19351201,5,19360004
4400,8800,19360000,5,19368805
4401,8802,19368801,5,19377608
4402,8804,19377604,5,19386413
4403,8806,19386409,5,19395220
4404,8808,19395216,5,19404029
4405,8810,19404025,5,19412840
4406,8812,19412836,5,19421653
4407,8814,19421649,5,19430468
4408,8816,19430464,5,19439285
4409,8818,19439281,5,19448104
4410,8820,19448100,5,19456925
4411,8822,19456921,5,19465748
4412,8824,19465744,5,19474573
4413,8826,19474569,5,19483400
4414,8828,19483396,5,19492229
4415,8830,19492225,5,19501060
4416,8832,19501056,5,19509893
4417,8834,19509889,5,19518728
4418,8836,19518724,5,19527565
4419,8838,19527561,5,19536404
4420,8840,19536400,5,19545245
4421,8842,19545241,5,19554088
4422,8844,19554084,5,19562933
4423,8846,19562929,5,19571780
4424,8848,19571776,5,19580629
4425,8850,19580625,5,19589480
4426,8852,19589476,5,19598333
4427,8854,19598329,5,19607188
4428,8856,19607184,5,19616045
4429,8858,19616041,5,19624904
4430,8860,19624900,5,19633765
4431,8862,19633761,5,19642628
4432,8864,19642624,5,19651493
4433,8866,19651489,5,19660360
4434,8868,19660356,5,19669229
4435,8870,19669225,5,19678100
4436,8872,19678096,5,19686973
4437,8874,19686969,5,19695848
4438,8876,19695844,5,19704725
4439,8878,19704721,5,19713604
4440,8880,19713600,5,19722485
4441,8882,19722481,5,19731368
4442,8884,19731364,5,19740253
4443,8886,19740249,5,19749140
4444,8888,19749136,5,19758029
4445,8890,19758025,5,19766920
4446,8892,19766916,5,19775813
4447,8894,19775809,5,19784708
4448,8896,19784704,5,19793605
4449,8898,19793601,5,19802504
4450,8900,19802500,5,19811405
4451,8902,19811401,5,19820308
4452,8904,19820304,5,19829213
4453,8906,19829209,5,19838120
4454,8908,19838116,5,19847029
4455,8910,19847025,5,19855940
4456,8912,19855936,5,19864853
4457,8914,19864849,5,19873768
4458,8916,19873764,5,19882685
4459,8918,19882681,5,19891604
4460,8920,19891600,5,19900525
4461,8922,19900521,5,19909448
4462,8924,19909444,5,19918373
4463,8926,19918369,5,19927300
4464,8928,19927296,5,19936229
4465,8930,19936225,5,19945160
4466,8932,19945156,5,19954093
4467,8934,19954089,5,19963028
4468,8936,19963024,5,19971965
4469,8938,19971961,5,19980904
4470,8940,19980900,5,19989845
4471,8942,19989841,5,19998788
4472,8944,19998784,5,20007733
4473,8946,20007729,5,20016680
4474,8948,20016676,5,20025629
4475,8950,20025625,5,20034580
4476,8952,20034576,5,20043533
4477,8954,20043529,5,20052488
4478,8956,20052484,5,20061445
4479,8958,20061441,5,20070404
4480,8960,20070400,5,20079365
4481,8962,20079361,5,20088328
4482,8964,20088324,5,20097293
4483,8966,20097289,5,20106260
4484,8968,20106256,5,20115229
4485,8970,20115225,5,20124200
4486,8972,20124196,5,20133173
4487,8974,20133169,5,20142148
4488,8976,20142144,5,20151125
4489,8978,20151121,5,20160104
4490,8980,20160100,5,20169085
4491,8982,20169081,5,20178068
4492,8984,20178064,5,20187053
4493,8986,20187049,5,20196040
4494,8988,20196036,5,20205029
4495,8990,20205025,5,20214020
4496,8992,20214016,5,20223013
4497,8994,20223009,5,20232008
4498,8996,20232004,5,20241005
4499,8998,20241001,5,20250004
4500,9000,20250000,5,20259005
4501,9002,20259001,5,20268008
4502,9004,20268004,5,20277013
4503,9006,20277009,5,20286020
4504,9008,20286016,5,20295029
4505,9010,20295025,5,20304040
4506,9012,20304036,5,20313053
4507,9014,20313049,5,20322068
4508,9016,20322064,5,20331085
4509,9018,20331081,5,20340104
4510,9020,20340100,5,20349125
4511,9022,20349121,5,20358148
4512,9024,20358144,5,20367173
4513,9026,20367169,5,20376200
4514,9028,20376196,5,20385229
4515,9030,20385225,5,20394260
4516,9032,20394256,5,20403293
4517,9034,20403289,5,20412328
4518,9036,20412324,5,20421365
4519,9038,20421361,5,20430404
4520,9040,20430400,5,20439445
4521,9042,20439441,5,20448488
4522,9044,20448484,5,20457533
4523,9046,20457529,5,20466580
4524,9048,20466576,5,20475629
4525,9050,20475625,5,20484680
4526,9052,20484676,5,20493733
4527,9054,20493729,5,20502788
4528,9056,20502784,5,20511845
4529,9058,20511841,5,20520904
4530,9060,20520900,5,20529965
4531,9062,20529961,5,20539028
4532,9064,20539024,5,20548093
4533,9066,20548089,5,20557160
4534,9068,20557156,5,20566229
4535,9070,20566225,5,20575300
4536,9072,20575296,5,20584373
4537,9074,20584369,5,20593448
4538,9076,20593444,5,20602525
4539,9078,20602521,5,20611604
4540,9080,20611600,5,20620685
4541,9082,20620681,5,20629768
4542,9084,20629764,5,20638853
4543,9086,20638849,5,20647940
4544,9088,20647936,5,20657029
4545,9090,20657025,5,20666120
4546,9092,20666116,5,20675213
4547,9094,20675209,5,20684308
4548,9096,20684304,5,20693405
4549,9098,20693401,5,20702504
4550,9100,20702500,5,20711605
4551,9102,20711601,5,20720708
4552,9104,20720704,5,20729813
4553,9106,20729809,5,20738920
4554,9108,20738916,5,20748029
4555,9110,20748025,5,20757140
4556,9112,20757136,5,20766253
4557,9114,20766249,5,20775368
4558,9116,20775364,5,20784485
4559,9118,20784481,5,20793604
4560,9120,20793600,5,20802725
4561,9122,20802721,5,20811848
4562,9124,20811844,5,20820973
4563,9126,20820969,5,20830100
4564,9128,20830096,5,20839229
4565,9130,20839225,5,20848360
4566,9132,20848356,5,20857493
4567,9134,20857489,5,20866628
4568,9136,20866624,5,20875765
4569,9138,20875761,5,20884904
4570,9140,20884900,5,20894045
4571,9142,20894041,5,20903188
4572,9144,20903184,5,20912333
4573,9146,20912329,5,20921480
4574,9148,20921476,5,20930629
4575,9150,20930625,5,20939780
4576,9152,20939776,5,20948933
4577,9154,20948929,5,20958088
4578,9156,20958084,5,20967245
4579,9158,20967241,5,20976404
4580,9160,20976400,5,20985565
4581,9162,20985561,5,20994728
4582,9164,20994724,5,21003893
4583,9166,21003889,5,21013060
4584,9168,21013056,5,21022229
4585,9170,21022225,5,21031400
4586,9172,21031396,5,21040573
4587,9174,21040569,5,21049748
4588,9176,21049744,5,21058925
4589,9178,21058921,5,21068104
4590,9180,21068100,5,21077285
4591,9182,21077281,5,21086468
4592,9184,21086464,5,21095653
4593,9186,21095649,5,21104840
4594,9188,21104836,5,21114029
4595,9190,21114025,5,21123220
4596,9192,21123216,5,21132413
4597,9194,21132409,5,21141608
4598,9196,21141604,5,21150805
4599,9198,21150801,5,21160004
4600,9200,21160000,5,21169205
4601,9202,21169201,5,21178408
4602,9204,21178404,5,21187613
4603,9206,21187609,5,21196820
4604,9208,21196816,5,21206029
4605,9210,21206025,5,21215240
4606,9212,21215236,5,21224453
4607,9214,21224449,5,21233668
4608,9216,21233664,5,21242885
4609,9218,21242881,5,21252104
4610,9220,21252100,5,21261325
4611,9222,21261321,5,21270548
4612,9224,21270544,5,21279773
4613,9226,21279769,5,21289000
4614,9228,21288996,5,21298229
4615,9230,21298225,5,21307460
4616,9232,21307456,5,21316693
4617,9234,21316689,5,21325928
4618,9236,21325924,5,21335165
4619,9238,21335161,5,21344404
4620,9240,21344400,5,21353645
4621,9242,21353641,5,21362888
4622,9244,21362884,5,21372133
4623,9246,21372129,5,21381380
4624,9248,21381376,5,21390629
4625,9250,21390625,5,21399880
4626,9252,21399876,5,21409133
4627,9254,21409129,5,21418388
4628,9256,21418384,5,21427645
4629,9258,21427641,5,21436904
4630,9260,21436900,5,21446165
4631,9262,21446161,5,21455428
4632,9264,21455424,5,21464693
4633,9266,21464689,5,21473960
4634,9268,21473956,5,21483229
4635,9270,21483225,5,21492500
4636,9272,21492496,5,21501773
4637,9274,21501769,5,21511048
4638,9276,21511044,5,21520325
4639,9278,21520321,5,21529604
4640,9280,21529600,5,21538885
4641,9282,21538881,5,21548168
4642,9284,21548164,5,21557453
4643,9286,21557449,5,21566740
4644,9288,21566736,5,21576029
4645,9290,21576025,5,21585320
4646,9292,21585316,5,21594613
4647,9294,21594609,5,21603908
4648,9296,21603904,5,21613205
4649,9298,21613201,5,21622504
4650,9300,21622500,5,21631805
4651,9302,21631801,5,21641108
4652,9304,21641104,5,21650413
4653,9306,21650409,5,21659720
4654,9308,21659716,5,21669029
4655,9310,21669025,5,21678340
4656,9312,21678336,5,21687653
4657,9314,21687649,5,21696968
4658,9316,21696964,5,21706285
4659,9318,21706281,5,21715604
4660,9320,21715600,5,21724925
4661,9322,21724921,5,21734248
4662,9324,21734244,5,21743573
4663,9326,21743569,5,21752900
4664,9328,21752896,5,21762229
4665,9330,21762225,5,21771560
4666,9332,21771556,5,21780893
4667,9334,21780889,5,21790228
4668,9336,21790224,5,21799565
4669,9338,21799561,5,21808904
4670,9340,21808900,5,21818245
4671,9342,21818241,5,21827588
4672,9344,21827584,5,21836933
4673,9346,21836929,5,21846280
4674,9348,21846276,5,21855629
4675,9350,21855625,5,21864980
4676,9352,21864976,5,21874333
4677,9354,21874329,5,21883688
4678,9356,21883684,5,21893045
4679,9358,21893041,5,21902404
4680,9360,21902400,5,21911765
4681,9362,21911761,5,21921128
4682,9364,21921124,5,21930493
4683,9366,21930489,5,21939860
4684,9368,21939856,5,21949229
4685,9370,21949225,5,21958600
4686,9372,21958596,5,21967973
4687,9374,21967969,5,21977348
4688,9376,21977344,5,21986725
4689,9378,21986721,5,21996104
4690,9380,21996100,5,22005485
4691,9382,22005481,5,22014868
4692,9384,22014864,5,22024253
4693,9386,22024249,5,22033640
4694,9388,22033636,5,22043029
4695,9390,22043025,5,22052420
4696,9392,22052416,5,22061813
4697,9394,22061809,5,22071208
4698,9396,22071204,5,22080605
4699,9398,22080601,5,22090004
4700,9400,22090000,5,22099405
4701,9402,22099401,5,22108808
4702,9404,22108804,5,22118213
4703,9406,22118209,5,22127620
4704,9408,22127616,5,22137029
4705,9410,22137025,5,22146440
4706,9412,22146436,5,22155853
4707,9414,22155849,5,22165268
4708,9416,22165264,5,22174685
4709,9418,22174681,5,22184104
4710,9420,22184100,5,22193525
4711,9422,22193521,5,22202948
4712,9424,22202944,5,22212373
4713,9426,22212369,5,22221800
4714,9428,22221796,5,22231229
4715,9430,22231225,5,22240660
4716,9432,22240656,5,22250093
4717,9434,22250089,5,22259528
4718,9436,22259524,5,22268965
4719,9438,22268961,5,22278404
4720,9440,22278400,5,22287845
4721,9442,22287841,5,22297288
4722,9444,22297284,5,22306733
4723,9446,22306729,5,22316180
4724,9448,22316176,5,22325629
4725,9450,22325625,5,22335080
4726,9452,22335076,5,22344533
4727,9454,22344529,5,22353988
4728,9456,22353984,5,22363445
4729,9458,22363441,5,22372904
4730,9460,22372900,5,22382365
4731,9462,22382361,5,22391828
4732,9464,22391824,5,22401293
4733,9466,22401289,5,22410760
4734,9468,22410756,5,22420229
4735,9470,22420225,5,22429700
4736,9472,22429696,5,22439173
4737,9474,22439169,5,22448648
4738,9476,22448644,5,22458125
4739,9478,22458121,5,22467604
4740,9480,22467600,5,22477085
4741,9482,22477081,5,22486568
4742,9484,22486564,5,22496053
4743,9486,22496049,5,22505540
4744,9488,22505536,5,22515029
4745,9490,22515025,5,22524520
4746,9492,22524516,5,22534013
4747,9494,22534009,5,22543508
4748,9496,22543504,5,22553005
4749,9498,22553001,5,22562504
4750,9500,22562500,5,22572005
4751,9502,22572001,5,22581508
4752,9504,22581504,5,22591013
4753,9506,22591009,5,22600520
4754,9508,22600516,5,22610029
4755,9510,22610025,5,22619540
4756,9512,22619536,5,22629053
4757,9514,22629049,5,22638568
4758,9516,22638564,5,22648085
4759,9518,22648081,5,22657604
4760,9520,22657600,5,22667125
4761,9522,22667121,5,22676648
4762,9524,22676644,5,22686173
4763,9526,22686169,5,22695700
4764,9528,22695696,5,22705229
4765,9530,22705225,5,22714760
4766,9532,22714756,5,22724293
4767,9534,22724289,5,22733828
4768,9536,22733824,5,22743365
4769,9538,22743361,5,22752904
4770,9540,22752900,5,22762445
4771,9542,22762441,5,22771988
4772,9544,22771984,5,22781533
4773,9546,22781529,5,22791080
4774,9548,22791076,5,22800629
4775,9550,22800625,5,22810180
4776,9552,22810176,5,22819733
4777,9554,22819729,5,22829288
4778,9556,22829284,5,22838845
4779,9558,22838841,5,22848404
4780,9560,22848400,5,22857965
4781,9562,22857961,5,22867528
4782,9564,22867524,5,22877093
4783,9566,22877089,5,22886660
4784,9568,22886656,5,22896229
4785,9570,22896225,5,22905800
4786,9572,22905796,5,22915373
4787,9574,22915369,5,22924948
4788,9576,22924944,5,22934525
4789,9578,22934521,5,22944104
4790,9580,22944100,5,22953685
4791,9582,22953681,5,22963268
4792,9584,22963264,5,22972853
4793,9586,22972849,5,22982440
4794,9588,22982436,5,22992029
4795,9590,22992025,5,23001620
4796,9592,23001616,5,23011213
4797,9594,23011209,5,23020808
4798,9596,23020804,5,23030405
4799,9598,23030401,5,23040004
4800,9600,23040000,5,23049605
4801,9602,23049601,5,23059208
4802,9604,23059204,5,23068813
4803,9606,23068809,5,23078420
4804,9608,23078416,5,23088029
4805,9610,23088025,5,23097640
4806,9612,23097636,5,23107253
4807,9614,23107249,5,23116868
4808,9616,23116864,5,23126485
4809,9618,23126481,5,23136104
4810,9620,23136100,5,23145725
4811,9622,23145721,5,23155348
4812,9624,23155344,5,23164973
4813,9626,23164969,5,23174600
4814,9628,23174596,5,23184229
4815,9630,23184225,5,23193860
4816,9632,23193856,5,23203493
4817,9634,23203489,5,23213128
4818,9636,23213124,5,23222765
4819,9638,23222761,5,23232404
4820,9640,23232400,5,23242045
4821,9642,23242041,5,23251688
4822,9644,23251684,5,23261333
4823,9646,23261329,5,23270980
4824,9648,23270976,5,23280629
4825,9650,23280625,5,23290280
4826,9652,23290276,5,23299933
4827,9654,23299929,5,23309588
4828,9656,23309584,5,23319245
4829,9658,23319241,5,23328904
4830,9660,23328900,5,23338565
4831,9662,23338561,5,23348228
4832,9664,23348224,5,23357893
4833,9666,23357889,5,23367560
4834,9668,23367556,5,23377229
4835,9670,23377225,5,23386900
4836,9672,23386896,5,23396573
4837,9674,23396569,5,23406248
4838,9676,23406244,5,23415925
4839,9678,23415921,5,23425604
4840,9680,23425600,5,23435285
4841,9682,23435281,5,23444968
4842,9684,23444964,5,23454653
4843,9686,23454649,5,23464340
4844,9688,23464336,5,23474029
4845,9690,23474025,5,23483720
4846,9692,23483716,5,23493413
4847,9694,23493409,5,23503108
4848,9696,23503104,5,23512805
4849,9698,23512801,5,23522504
4850,9700,23522500,5,23532205
4851,9702,23532201,5,23541908
4852,9704,23541904,5,23551613
4853,9706,23551609,5,23561320
4854,9708,23561316,5,23571029
4855,9710,23571025,5,23580740
4856,9712,23580736,5,23590453
4857,9714,23590449,5,23600168
4858,9716,23600164,5,23609885
4859,9718,23609881,5,23619604
4860,9720,23619600,5,23629325
4861,9722,23629321,5,23639048
4862,9724,23639044,5,23648773
4863,9726,23648769,5,23658500
4864,9728,23658496,5,23668229
4865,9730,23668225,5,23677960
4866,9732,23677956,5,23687693
4867,9734,23687689,5,23697428
4868,9736,23697424,5,23707165
4869,9738,23707161,5,23716904
4870,9740,23716900,5,23726645
4871,9742,23726641,5,23736388
4872,9744,23736384,5,23746133
4873,9746,23746129,5,23755880
4874,9748,23755876,5,23765629
4875,9750,23765625,5,23775380
4876,9752,23775376,5,23785133
4877,9754,23785129,5,23794888
4878,9756,23794884,5,23804645
4879,9758,23804641,5,23814404
4880,9760,23814400,5,23824165
4881,9762,23824161,5,23833928
4882,9764,23833924,5,23843693
4883,9766,23843689,5,23853460
4884,9768,23853456,5,23863229
4885,9770,23863225,5,23873000
4886,9772,23872996,5,23882773
4887,9774,23882769,5,23892548
4888,9776,23892544,5,23902325
4889,9778,23902321,5,23912104
4890,9780,23912100,5,23921885
4891,9782,23921881,5,23931668
4892,9784,23931664,5,23941453
4893,9786,23941449,5,23951240
4894,9788,23951236,5,23961029
4895,9790,23961025,5,23970820
4896,9792,23970816,5,23980613
4897,9794,23980609,5,23990408
4898,9796,23990404,5,24000205
4899,9798,24000201,5,24010004
4900,9800,24010000,5,24019805
4901,9802,24019801,5,24029608
4902,9804,24029604,5,24039413
4903,9806,24039409,5,24049220
4904,9808,24049216,5,24059029
4905,9810,24059025,5,24068840
4906,9812,24068836,5,24078653
4907,9814,24078649,5,24088468
4908,9816,24088464,5,24098285
4909,9818,24098281,5,24108104
4910,9820,24108100,5,24117925
4911,9822,24117921,5,24127748
4912,9824,24127744,5,24137573
4913,9826,24137569,5,24147400
4914,9828,24147396,5,24157229
4915,9830,24157225,5,24167060
4916,9832,24167056,5,24176893
4917,9834,24176889,5,24186728
4918,9836,24186724,5,24196565
4919,9838,24196561,5,24206404
4920,9840,24206400,5,24216245
4921,9842,24216241,5,24226088
4922,9844,24226084,5,24235933
4923,9846,24235929,5,24245780
4924,9848,24245776,5,24255629
4925,9850,24255625,5,24265480
4926,9852,24265476,5,24275333
4927,9854,24275329,5,24285188
4928,9856,24285184,5,24295045
4929,9858,24295041,5,24304904
4930,9860,24304900,5,24314765
4931,9862,24314761,5,24324628
4932,9864,24324624,5,24334493
4933,9866,24334489,5,24344360
4934,9868,24344356,5,24354229
4935,9870,24354225,5,24364100
4936,9872,24364096,5,24373973
4937,9874,24373969,5,24383848
4938,9876,24383844,5,24393725
4939,9878,24393721,5,24403604
4940,9880,24403600,5,24413485
4941,9882,24413481,5,24423368
4942,9884,24423364,5,24433253
4943,9886,24433249,5,24443140
4944,9888,24443136,5,24453029
4945,9890,24453025,5,24462920
4946,9892,24462916,5,24472813
4947,9894,24472809,5,24482708
4948,9896,24482704,5,24492605
4949,9898,24492601,5,24502504
4950,9900,24502500,5,24512405
4951,9902,24512401,5,24522308
4952,9904,24522304,5,24532213
4953,9906,24532209,5,24542120
4954,9908,24542116,5,24552029
4955,9910,24552025,5,24561940
4956,9912,24561936,5,24571853
4957,9914,24571849,5,24581768
4958,9916,24581764,5,24591685
4959,9918,24591681,5,24601604
4960,9920,24601600,5,24611525
4961,9922,24611521,5,24621448
4962,9924,24621444,5,24631373
4963,9926,24631369,5,24641300
4964,9928,24641296,5,24651229
4965,9930,24651225,5,24661160
4966,9932,24661156,5,24671093
4967,9934,24671089,5,24681028
4968,9936,24681024,5,24690965
4969,9938,24690961,5,24700904
4970,9940,24700900,5,24710845
4971,9942,24710841,5,24720788
4972,9944,24720784,5,24730733
4973,9946,24730729,5,24740680
4974,9948,24740676,5,24750629
4975,9950,24750625,5,24760580
4976,9952,24760576,5,24770533
4977,9954,24770529,5,24780488
4978,9956,24780484,5,24790445
4979,9958,24790441,5,24800404
4980,9960,24800400,5,24810365
4981,9962,24810361,5,24820328
4982,9964,24820324,5,24830293
4983,9966,24830289,5,24840260
4984,9968,24840256,5,24850229
4985,9970,24850225,5,24860200
4986,9972,24860196,5,24870173
4987,9974,24870169,5,24880148
4988,9976,24880144,5,24890125
4989,9978,24890121,5,24900104
4990,9980,24900100,5,24910085
4991,9982,24910081,5,24920068
4992,9984,24920064,5,24930053
4993,9986,24930049,5,24940040
4994,9988,24940036,5,24950029
4995,9990,24950025,5,24960020
4996,9992,24960016,5,24970013
4997,9994,24970009,5,24980008
4998,9996,24980004,5,24990005
4999,9998,24990001,5,25000004
5000,10000,25000000,5,25010005
5001,10002,25010001,5,25020008
5002,10004,25020004,5,25030013
5003,10006,25030009,5,25040020
5004,10008,25040016,5,25050029
5005,10010,25050025,5,25060040
5006,10012,25060036,5,25070053
5007,10014,25070049,5,25080068
5008,10016,25080064,5,25090085
5009,10018,25090081,5,25100104
5010,10020,25100100,5,25110125
5011,10022,25110121,5,25120148
5012,10024,25120144,5,25130173
5013,10026,25130169,5,25140200
5014,10028,25140196,5,25150229
5015,10030,25150225,5,25160260
5016,10032,25160256,5,25170293
5017,10034,25170289,5,25180328
5018,10036,25180324,5,25190365
5019,10038,25190361,5,25200404
5020,10040,25200400,5,25210445
5021,10042,25210441,5,25220488
5022,10044,25220484,5,25230533
5023,10046,25230529,5,25240580
5024,10048,25240576,5,25250629
5025,10050,25250625,5,25260680
5026,10052,25260676,5,25270733
5027,10054,25270729,5,25280788
5028,10056,25280784,5,25290845
5029,10058,25290841,5,25300904
5030,10060,25300900,5,25310965
5031,10062,25310961,5,25321028
5032,10064,25321024,5,25331093
5033,10066,25331089,5,25341160
5034,10068,25341156,5,25351229
5035,10070,25351225,5,25361300
5036,10072,25361296,5,25371373
5037,10074,25371369,5,25381448
5038,10076,25381444,5,25391525
5039,10078,25391521,5,25401604
5040,10080,25401600,5,25411685
5041,10082,25411681,5,25421768
5042,10084,25421764,5,25431853
5043,10086,25431849,5,25441940
5044,10088,25441936,5,25452029
5045,10090,25452025,5,25462120
5046,10092,25462116,5,25472213
5047,10094,25472209,5,25482308
5048,10096,25482304,5,25492405
5049,10098,25492401,5,25502504
5050,10100,25502500,5,25512605
5051,10102,25512601,5,25522708
5052,10104,25522704,5,25532813
5053,10106,25532809,5,25542920
5054,10108,25542916,5,25553029
5055,10110,25553025,5,25563140
5056,10112,25563136,5,25573253
5057,10114,25573249,5,25583368
5058,10116,25583364,5,25593485
5059,10118,25593481,5,25603604
5060,10120,25603600,5,25613725
5061,10122,25613721,5,25623848
5062,10124,25623844,5,25633973
5063,10126,25633969,5,25644100
5064,10128,25644096,5,25654229
5065,10130,25654225,5,25664360
5066,10132,25664356,5,25674493
5067,10134,25674489,5,25684628
5068,10136,25684624,5,25694765
5069,10138,25694761,5,25704904
5070,10140,25704900,5,25715045
5071,10142,25715041,5,25725188
5072,10144,25725184,5,25735333
5073,10146,25735329,5,25745480
5074,10148,25745476,5,25755629
5075,10150,25755625,5,25765780
5076,10152,25765776,5,25775933
5077,10154,25775929,5,25786088
5078,10156,25786084,5,25796245
5079,10158,25796241,5,25806404
5080,10160,25806400,5,25816565
5081,10162,25816561,5,25826728
5082,10164,25826724,5,25836893
5083,10166,25836889,5,25847060
5084,10168,25847056,5,25857229
5085,10170,25857225,5,25867400
5086,10172,25867396,5,25877573
5087,10174,25877569,5,25887748
5088,10176,25887744,5,25897925
5089,10178,25897921,5,25908104
5090,10180,25908100,5,25918285
5091,10182,25918281,5,25928468
5092,10184,25928464,5,25938653
5093,10186,25938649,5,25948840
5094,10188,25948836,5,25959029
5095,10190,25959025,5,25969220
5096,10192,25969216,5,25979413
5097,10194,25979409,5,25989608
5098,10196,25989604,5,25999805
5099,10198,25999801,5,26010004
5100,10200,26010000,5,26020205
5101,10202,26020201,5,26030408
5102,10204,26030404,5,26040613
5103,10206,26040609,5,26050820
5104,10208,26050816,5,26061029
5105,10210,26061025,5,26071240
5106,10212,26071236,5,26081453
5107,10214,26081449,5,26091668
5108,10216,26091664,5,26101885
5109,10218,26101881,5,26112104
5110,10220,26112100,5,26122325
5111,10222,26122321,5,26132548
5112,10224,26132544,5,26142773
5113,10226,26142769,5,26153000
5114,10228,26152996,5,26163229
5115,10230,26163225,5,26173460
5116,10232,26173456,5,26183693
5117,10234,26183689,5,26193928
5118,10236,26193924,5,26204165
5119,10238,26204161,5,26214404
5120,10240,26214400,5,26224645
5121,10242,26224641,5,26234888
5122,10244,26234884,5,26245133
5123,10246,26245129,5,26255380
5124,10248,26255376,5,26265629
5125,10250,26265625,5,26275880
5126,10252,26275876,5,26286133
5127,10254,26286129,5,26296388
5128,10256,26296384,5,26306645
5129,10258,26306641,5,26316904
5130,10260,26316900,5,26327165
5131,10262,26327161,5,26337428
5132,10264,26337424,5,26347693
5133,10266,26347689,5,26357960
5134,10268,26357956,5,26368229
5135,10270,26368225,5,26378500
5136,10272,26378496,5,26388773
5137,10274,26388769,5,26399048
5138,10276,26399044,5,26409325
5139,10278,26409321,5,26419604
5140,10280,26419600,5,26429885
5141,10282,26429881,5,26440168
5142,10284,26440164,5,26450453
5143,10286,26450449,5,26460740
5144,10288,26460736,5,26471029
5145,10290,26471025,5,26481320
5146,10292,26481316,5,26491613
5147,10294,26491609,5,26501908
5148,10296,26501904,5,26512205
5149,10298,26512201,5,26522504
5150,10300,26522500,5,26532805
5151,10302,26532801,5,26543108
5152,10304,26543104,5,26553413
5153,10306,26553409,5,26563720
5154,10308,26563716,5,26574029
5155,10310,26574025,5,26584340
5156,10312,26584336,5,26594653
5157,10314,26594649,5,26604968
5158,10316,26604964,5,26615285
5159,10318,26615281,5,26625604
5160,10320,26625600,5,26635925
5161,10322,26635921,5,26646248
5162,10324,26646244,5,26656573
5163,10326,26656569,5,26666900
5164,10328,26666896,5,26677229
5165,10330,26677225,5,26687560
5166,10332,26687556,5,26697893
5167,10334,26697889,5,26708228
5168,10336,26708224,5,26718565
5169,10338,26718561,5,26728904
5170,10340,26728900,5,26739245
5171,10342,26739241,5,26749588
5172,10344,26749584,5,26759933
5173,10346,26759929,5,26770280
5174,10348,26770276,5,26780629
5175,10350,26780625,5,26790980
5176,10352,26790976,5,26801333
5177,10354,26801329,5,26811688
5178,10356,26811684,5,26822045
5179,10358,26822041,5,26832404
5180,10360,26832400,5,26842765
5181,10362,26842761,5,26853128
5182,10364,26853124,5,26863493
5183,10366,26863489,5,26873860
5184,10368,26873856,5,26884229
5185,10370,26884225,5,26894600
5186,10372,26894596,5,26904973
5187,10374,26904969,5,26915348
5188,10376,26915344,5,26925725
5189,10378,26925721,5,26936104
5190,10380,26936100,5,26946485
5191,10382,26946481,5,26956868
5192,10384,26956864,5,26967253
5193,10386,26967249,5,26977640
5194,10388,26977636,5,26988029
5195,10390,26988025,5,26998420
5196,10392,26998416,5,27008813
5197,10394,27008809,5,27019208
5198,10396,27019204,5,27029605
5199,10398,27029601,5,27040004
5200,10400,27040000,5,27050405
5201,10402,27050401,5,27060808
5202,10404,27060804,5,27071213
5203,10406,27071209,5,27081620
5204,10408,27081616,5,27092029
5205,10410,27092025,5,27102440
5206,10412,27102436,5,27112853
5207,10414,27112849,5,27123268
5208,10416,27123264,5,27133685
5209,10418,27133681,5,27144104
5210,10420,27144100,5,27154525
5211,10422,27154521,5,27164948
5212,10424,27164944,5,27175373
5213,10426,27175369,5,27185800
5214,10428,27185796,5,27196229
5215,10430,27196225,5,27206660
5216,10432,27206656,5,27217093
5217,10434,27217089,5,27227528
5218,10436,27227524,5,27237965
5219,10438,27237961,5,27248404
5220,10440,27248400,5,27258845
5221,10442,27258841,5,27269288
5222,10444,27269284,5,27279733
5223,10446,27279729,5,27290180
5224,10448,27290176,5,27300629
5225,10450,27300625,5,27311080
5226,10452,27311076,5,27321533
5227,10454,27321529,5,27331988
5228,10456,27331984,5,27342445
5229,10458,27342441,5,27352904
5230,10460,27352900,5,27363365
5231,10462,27363361,5,27373828
5232,10464,27373824,5,27384293
5233,10466,27384289,5,27394760
5234,10468,27394756,5,27405229
5235,10470,27405225,5,27415700
5236,10472,27415696,5,27426173
5237,10474,27426169,5,27436648
5238,10476,27436644,5,27447125
5239,10478,27447121,5,27457604
5240,10480,27457600,5,27468085
5241,10482,27468081,5,27478568
5242,10484,27478564,5,27489053
5243,10486,27489049,5,27499540
5244,10488,27499536,5,27510029
5245,10490,27510025,5,27520520
5246,10492,27520516,5,27531013
5247,10494,27531009,5,27541508
5248,10496,27541504,5,27552005
5249,10498,27552001,5,27562504
5250,10500,27562500,5,27573005
5251,10502,27573001,5,27583508
5252,10504,27583504,5,27594013
5253,10506,27594009,5,27604520
5254,10508,27604516,5,27615029
5255,10510,27615025,5,27625540
5256,10512,27625536,5,27636053
5257,10514,27636049,5,27646568
5258,10516,27646564,5,27657085
5259,10518,27657081,5,27667604
5260,10520,27667600,5,27678125
5261,10522,27678121,5,27688648
5262,10524,27688644,5,27699173
5263,10526,27699169,5,27709700
5264,10528,27709696,5,27720229
5265,10530,27720225,5,27730760
5266,10532,27730756,5,27741293
5267,10534,27741289,5,27751828
5268,10536,27751824,5,27762365
5269,10538,27762361,5,27772904
5270,10540,27772900,5,27783445
5271,10542,27783441,5,27793988
5272,10544,27793984,5,27804533
5273,10546,27804529,5,27815080
5274,10548,27815076,5,27825629
5275,10550,27825625,5,27836180
5276,10552,27836176,5,27846733
5277,10554,27846729,5,27857288
5278,10556,27857284,5,27867845
5279,10558,27867841,5,27878404
5280,10560,27878400,5,27888965
5281,10562,27888961,5,27899528
5282,10564,27899524,5,27910093
5283,10566,27910089,5,27920660
5284,10568,27920656,5,27931229
5285,10570,27931225,5,27941800
5286,10572,27941796,5,27952373
5287,10574,27952369,5,27962948
5288,10576,27962944,5,27973525
5289,10578,27973521,5,27984104
5290,10580,27984100,5,27994685
5291,10582,27994681,5,28005268
5292,10584,28005264,5,28015853
5293,10586,28015849,5,28026440
5294,10588,28026436,5,28037029
5295,10590,28037025,5,28047620
5296,10592,28047616,5,28058213
5297,10594,28058209,5,28068808
5298,10596,28068804,5,28079405
5299,10598,28079401,5,28090004
5300,10600,28090000,5,28100605
5301,10602,28100601,5,28111208
5302,10604,28111204,5,28121813
5303,10606,28121809,5,28132420
5304,10608,28132416,5,28143029
5305,10610,28143025,5,28153640
5306,10612,28153636,5,28164253
5307,10614,28164249,5,28174868
5308,10616,28174864,5,28185485
5309,10618,28185481,5,28196104
5310,10620,28196100,5,28206725
5311,10622,28206721,5,28217348
5312,10624,28217344,5,28227973
5313,10626,28227969,5,28238600
5314,10628,28238596,5,28249229
5315,10630,28249225,5,28259860
5316,10632,28259856,5,28270493
5317,10634,28270489,5,28281128
5318,10636,28281124,5,28291765
5319,10638,28291761,5,28302404
5320,10640,28302400,5,28313045
5321,10642,28313041,5,28323688
5322,10644,28323684,5,28334333
5323,10646,28334329,5,28344980
5324,10648,28344976,5,28355629
5325,10650,28355625,5,28366280
5326,10652,28366276,5,28376933
5327,10654,28376929,5,28387588
5328,10656,28387584,5,28398245
5329,10658,28398241,5,28408904
5330,10660,28408900,5,28419565
5331,10662,28419561,5,28430228
5332,10664,28430224,5,28440893
5333,10666,28440889,5,28451560
5334,10668,28451556,5,28462229
5335,10670,28462225,5,28472900
5336,10672,28472896,5,28483573
5337,10674,28483569,5,28494248
5338,10676,28494244,5,28504925
5339,10678,28504921,5,28515604
5340,10680,28515600,5,28526285
5341,10682,28526281,5,28536968
5342,10684,28536964,5,28547653
5343,10686,28547649,5,28558340
5344,10688,28558336,5,28569029
5345,10690,28569025,5,28579720
5346,10692,28579716,5,28590413
5347,10694,28590409,5,28601108
5348,10696,28601104,5,28611805
5349,10698,28611801,5,28622504
5350,10700,28622500,5,28633205
5351,10702,28633201,5,28643908
5352,10704,28643904,5,28654613
5353,10706,28654609,5,28665320
5354,10708,28665316,5,28676029
5355,10710,28676025,5,28686740
5356,10712,28686736,5,28697453
5357,10714,28697449,5,28708168
5358,10716,28708164,5,28718885
5359,10718,28718881,5,28729604
5360,10720,28729600,5,28740325
5361,10722,28740321,5,28751048
5362,10724,28751044,5,28761773
5363,10726,28761769,5,28772500
5364,10728,28772496,5,28783229
5365,10730,28783225,5,28793960
5366,10732,28793956,5,28804693
5367,10734,28804689,5,28815428
5368,10736,28815424,5,28826165
5369,10738,28826161,5,28836904
5370,10740,28836900,5,28847645
5371,10742,28847641,5,28858388
5372,10744,28858384,5,28869133
5373,10746,28869129,5,28879880
5374,10748,28879876,5,28890629
5375,10750,28890625,5,28901380
5376,10752,28901376,5,28912133
5377,10754,28912129,5,28922888
5378,10756,28922884,5,28933645
5379,10758,28933641,5,28944404
5380,10760,28944400,5,28955165
5381,10762,28955161,5,28965928
5382,10764,28965924,5,28976693
5383,10766,28976689,5,28987460
5384,10768,28987456,5,28998229
5385,10770,28998225,5,29009000
5386,10772,29008996,5,29019773
5387,10774,29019769,5,29030548
5388,10776,29030544,5,29041325
5389,10778,29041321,5,29052104
5390,10780,29052100,5,29062885
5391,10782,29062881,5,29073668
5392,10784,29073664,5,29084453
5393,10786,29084449,5,29095240
5394,10788,29095236,5,29106029
5395,10790,29106025,5,29116820
5396,10792,29116816,5,29127613
5397,10794,29127609,5,29138408
5398,10796,29138404,5,29149205
5399,10798,29149201,5,29160004
5400,10800,29160000,5,29170805
5401,10802,29170801,5,29181608
5402,10804,29181604,5,29192413
5403,10806,29192409,5,29203220
5404,10808,29203216,5,29214029
5405,10810,29214025,5,29224840
5406,10812,29224836,5,29235653
5407,10814,29235649,5,29246468
5408,10816,29246464,5,29257285
5409,10818,29257281,5,29268104
5410,10820,29268100,5,29278925
5411,10822,29278921,5,29289748
5412,10824,29289744,5,29300573
5413,10826,29300569,5,29311400
5414,10828,29311396,5,29322229
5415,10830,29322225,5,29333060
5416,10832,29333056,5,29343893
5417,10834,29343889,5,29354728
5418,10836,29354724,5,29365565
5419,10838,29365561,5,29376404
5420,10840,29376400,5,29387245
5421,10842,29387241,5,29398088
5422,10844,29398084,5,29408933
5423,10846,29408929,5,29419780
5424,10848,29419776,5,29430629
5425,10850,29430625,5,29441480
5426,10852,29441476,5,29452333
5427,10854,29452329,5,29463188
5428,10856,29463184,5,29474045
5429,10858,29474041,5,29484904
5430,10860,29484900,5,29495765
5431,10862,29495761,5,29506628
5432,10864,29506624,5,29517493
5433,10866,29517489,5,29528360
5434,10868,29528356,5,29539229
5435,10870,29539225,5,29550100
5436,10872,29550096,5,29560973
5437,10874,29560969,5,29571848
5438,10876,29571844,5,29582725
5439,10878,29582721,5,29593604
5440,10880,29593600,5,29604485
5441,10882,29604481,5,29615368
5442,10884,29615364,5,29626253
5443,10886,29626249,5,29637140
5444,10888,29637136,5,29648029
5445,10890,29648025,5,29658920
5446,10892,29658916,5,29669813
5447,10894,29669809,5,29680708
5448,10896,29680704,5,29691605
5449,10898,29691601,5,29702504
5450,10900,29702500,5,29713405
5451,10902,29713401,5,29724308
5452,10904,29724304,5,29735213
5453,10906,29735209,5,29746120
5454,10908,29746116,5,29757029
5455,10910,29757025,5,29767940
5456,10912,29767936,5,29778853
5457,10914,29778849,5,29789768
5458,10916,29789764,5,29800685
5459,10918,29800681,5,29811604
5460,10920,29811600,5,29822525
5461,10922,29822521,5,29833448
5462,10924,29833444,5,29844373
5463,10926,29844369,5,29855300
5464,10928,29855296,5,29866229
5465,10930,29866225,5,29877160
5466,10932,29877156,5,29888093
5467,10934,29888089,5,29899028
5468,10936,29899024,5,29909965
5469,10938,29909961,5,29920904
5470,10940,29920900,5,29931845
5471,10942,29931841,5,29942788
5472,10944,29942784,5,29953733
5473,10946,29953729,5,29964680
5474,10948,29964676,5,29975629
5475,10950,29975625,5,29986580
5476,10952,29986576,5,29997533
5477,10954,29997529,5,30008488
5478,10956,30008484,5,30019445
5479,10958,30019441,5,30030404
5480,10960,30030400,5,30041365
5481,10962,30041361,5,30052328
5482,10964,30052324,5,30063293
5483,10966,30063289,5,30074260
5484,10968,30074256,5,30085229
5485,10970,30085225,5,30096200
5486,10972,30096196,5,30107173
5487,10974,30107169,5,30118148
5488,10976,30118144,5,30129125
5489,10978,30129121,5,30140104
5490,10980,30140100,5,30151085
5491,10982,30151081,5,30162068
5492,10984,30162064,5,30173053
5493,10986,30173049,5,30184040
5494,10988,30184036,5,30195029
5495,10990,30195025,5,30206020
5496,10992,30206016,5,30217013
5497,10994,30217009,5,30228008
5498,10996,30228004,5,30239005
5499,10998,30239001,5,30250004
5500,11000,30250000,5,30261005
5501,11002,30261001,5,30272008
5502,11004,30272004,5,30283013
5503,11006,30283009,5,30294020
5504,11008,30294016,5,30305029
5505,11010,30305025,5,30316040
5506,11012,30316036,5,30327053
5507,11014,30327049,5,30338068
5508,11016,30338064,5,30349085
5509,11018,30349081,5,30360104
5510,11020,30360100,5,30371125
5511,11022,30371121,5,30382148
5512,11024,30382144,5,30393173
5513,11026,30393169,5,30404200
5514,11028,30404196,5,30415229
5515,11030,30415225,5,30426260
5516,11032,30426256,5,30437293
5517,11034,30437289,5,30448328
5518,11036,30448324,5,30459365
5519,11038,30459361,5,30470404
5520,11040,30470400,5,30481445
5521,11042,30481441,5,30492488
5522,11044,30492484,5,30503533
5523,11046,30503529,5,30514580
5524,11048,30514576,5,30525629
5525,11050,30525625,5,30536680
5526,11052,30536676,5,30547733
5527,11054,30547729,5,30558788
5528,11056,30558784,5,30569845
5529,11058,30569841,5,30580904
5530,11060,30580900,5,30591965
5531,11062,30591961,5,30603028
5532,11064,30603024,5,30614093
5533,11066,30614089,5,30625160
5534,11068,30625156,5,30636229
5535,11070,30636225,5,30647300
5536,11072,30647296,5,30658373
5537,11074,30658369,5,30669448
5538,11076,30669444,5,30680525
5539,11078,30680521,5,30691604
5540,11080,30691600,5,30702685
5541,11082,30702681,5,30713768
5542,11084,30713764,5,30724853
5543,11086,30724849,5,30735940
5544,11088,30735936,5,30747029
5545,11090,30747025,5,30758120
5546,11092,30758116,5,30769213
5547,11094,30769209,5,30780308
5548,11096,30780304,5,30791405
5549,11098,30791401,5,30802504
5550,11100,30802500,5,30813605
5551,11102,30813601,5,30824708
5552,11104,30824704,5,30835813
5553,11106,30835809,5,30846920
5554,11108,30846916,5,30858029
5555,11110,30858025,5,30869140
5556,11112,30869136,5,30880253
5557,11114,30880249,5,30891368
5558,11116,30891364,5,30902485
5559,11118,30902481,5,30913604
5560,11120,30913600,5,30924725
5561,11122,30924721,5,30935848
5562,11124,30935844,5,30946973
5563,11126,30946969,5,30958100
5564,11128,30958096,5,30969229
5565,11130,30969225,5,30980360
5566,11132,30980356,5,30991493
5567,11134,30991489,5,31002628
5568,11136,31002624,5,31013765
5569,11138,31013761,5,31024904
5570,11140,31024900,5,31036045
5571,11142,31036041,5,31047188
5572,11144,31047184,5,31058333
5573,11146,31058329,5,31069480
5574,11148,31069476,5,31080629
5575,11150,31080625,5,31091780
5576,11152,31091776,5,31102933
5577,11154,31102929,5,31114088
5578,11156,31114084,5,31125245
5579,11158,31125241,5,31136404
5580,11160,31136400,5,31147565
5581,11162,31147561,5,31158728
5582,11164,31158724,5,31169893
5583,11166,31169889,5,31181060
5584,11168,31181056,5,31192229
5585,11170,31192225,5,31203400
5586,11172,31203396,5,31214573
5587,11174,31214569,5,31225748
5588,11176,31225744,5,31236925
5589,11178,31236921,5,31248104
5590,11180,31248100,5,31259285
5591,11182,31259281,5,31270468
5592,11184,31270464,5,31281653
5593,11186,31281649,5,31292840
5594,11188,31292836,5,31304029
5595,11190,31304025,5,31315220
5596,11192,31315216,5,31326413
5597,11194,31326409,5,31337608
5598,11196,31337604,5,31348805
5599,11198,31348801,5,31360004
5600,11200,31360000,5,31371205
5601,11202,31371201,5,31382408
5602,11204,31382404,5,31393613
5603,11206,31393609,5,31404820
5604,11208,31404816,5,31416029
5605,11210,31416025,5,31427240
5606,11212,31427236,5,31438453
5607,11214,31438449,5,31449668
5608,11216,31449664,5,31460885
5609,11218,31460881,5,31472104
5610,11220,31472100,5,31483325
5611,11222,31483321,5,31494548
5612,11224,31494544,5,31505773
5613,11226,31505769,5,31517000
5614,11228,31516996,5,31528229
5615,11230,31528225,5,31539460
5616,11232,31539456,5,31550693
5617,11234,31550689,5,31561928
5618,11236,31561924,5,31573165
5619,11238,31573161,5,31584404
5620,11240,31584400,5,31595645
5621,11242,31595641,5,31606888
5622,11244,31606884,5,31618133
5623,11246,31618129,5,31629380
5624,11248,31629376,5,31640629
5625,11250,31640625,5,31651880
5626,11252,31651876,5,31663133
5627,11254,31663129,5,31674388
5628,11256,31674384,5,31685645
5629,11258,31685641,5,31696904
5630,11260,31696900,5,31708165
5631,11262,31708161,5,31719428
5632,11264,31719424,5,31730693
5633,11266,31730689,5,31741960
5634,11268,31741956,5,31753229
5635,11270,31753225,5,31764500
5636,11272,31764496,5,31775773
5637,11274,31775769,5,31787048
5638,11276,31787044,5,31798325
5639,11278,31798321,5,31809604
5640,11280,31809600,5,31820885
5641,11282,31820881,5,31832168
5642,11284,31832164,5,31843453
5643,11286,31843449,5,31854740
5644,11288,31854736,5,31866029
5645,11290,31866025,5,31877320
5646,11292,31877316,5,31888613
5647,11294,31888609,5,31899908
5648,11296,31899904,5,31911205
5649,11298,31911201,5,31922504
5650,11300,31922500,5,31933805
5651,11302,31933801,5,31945108
5652,11304,31945104,5,31956413
5653,11306,31956409,5,31967720
5654,11308,31967716,5,31979029
5655,11310,31979025,5,31990340
5656,11312,31990336,5,32001653
5657,11314,32001649,5,32012968
5658,11316,32012964,5,32024285
5659,11318,32024281,5,32035604
5660,11320,32035600,5,32046925
5661,11322,32046921,5,32058248
5662,11324,32058244,5,32069573
5663,11326,32069569,5,32080900
5664,11328,32080896,5,32092229
5665,11330,32092225,5,32103560
5666,11332,32103556,5,32114893
5667,11334,32114889,5,32126228
5668,11336,32126224,5,32137565
5669,11338,32137561,5,32148904
5670,11340,32148900,5,32160245
5671,11342,32160241,5,32171588
5672,11344,32171584,5,32182933
5673,11346,32182929,5,32194280
5674,11348,32194276,5,32205629
5675,11350,32205625,5,32216980
5676,11352,32216976,5,32228333
5677,11354,32228329,5,32239688
5678,11356,32239684,5,32251045
5679,11358,32251041,5,32262404
5680,11360,32262400,5,32273765
5681,11362,32273761,5,32285128
5682,11364,32285124,5,32296493
5683,11366,32296489,5,32307860
5684,11368,32307856,5,32319229
5685,11370,32319225,5,32330600
5686,11372,32330596,5,32341973
5687,11374,32341969,5,32353348
5688,11376,32353344,5,32364725
5689,11378,32364721,5,32376104
5690,11380,32376100,5,32387485
5691,11382,32387481,5,32398868
5692,11384,32398864,5,32410253
5693,11386,32410249,5,32421640
5694,11388,32421636,5,32433029
5695,11390,32433025,5,32444420
5696,11392,32444416,5,32455813
5697,11394,32455809,5,32467208
5698,11396,32467204,5,32478605
5699,11398,32478601,5,32490004
5700,11400,32490000,5,32501405
5701,11402,32501401,5,32512808
5702,11404,32512804,5,32524213
5703,11406,32524209,5,32535620
5704,11408,32535616,5,32547029
5705,11410,32547025,5,32558440
5706,11412,32558436,5,32569853
5707,11414,32569849,5,32581268
5708,11416,32581264,5,32592685
5709,11418,32592681,5,32604104
5710,11420,32604100,5,32615525
5711,11422,32615521,5,32626948
5712,11424,32626944,5,32638373
5713,11426,32638369,5,32649800
5714,11428,32649796,5,32661229
5715,11430,32661225,5,32672660
5716,11432,32672656,5,32684093
5717,11434,32684089,5,32695528
5718,11436,32695524,5,32706965
5719,11438,32706961,5,32718404
5720,11440,32718400,5,32729845
5721,11442,32729841,5,32741288
5722,11444,32741284,5,32752733
5723,11446,32752729,5,32764180
5724,11448,32764176,5,32775629
5725,11450,32775625,5,32787080
5726,11452,32787076,5,32798533
5727,11454,32798529,5,32809988
5728,11456,32809984,5,32821445
5729,11458,32821441,5,32832904
5730,11460,32832900,5,32844365
5731,11462,32844361,5,32855828
5732,11464,32855824,5,32867293
5733,11466,32867289,5,32878760
5734,11468,32878756,5,32890229
5735,11470,32890225,5,32901700
5736,11472,32901696,5,32913173
5737,11474,32913169,5,32924648
5738,11476,32924644,5,32936125
5739,11478,32936121,5,32947604
5740,11480,32947600,5,32959085
5741,11482,32959081,5,32970568
5742,11484,32970564,5,32982053
5743,11486,32982049,5,32993540
5744,11488,32993536,5,33005029
5745,11490,33005025,5,33016520
5746,11492,33016516,5,33028013
5747,11494,33028009,5,33039508
5748,11496,33039504,5,33051005
5749,11498,33051001,5,33062504
5750,11500,33062500,5,33074005
5751,11502,33074001,5,33085508
5752,11504,33085504,5,33097013
5753,11506,33097009,5,33108520
5754,11508,33108516,5,33120029
5755,11510,33120025,5,33131540
5756,11512,33131536,5,33143053
5757,11514,33143049,5,33154568
5758,11516,33154564,5,33166085
5759,11518,33166081,5,33177604
5760,11520,33177600,5,33189125
5761,11522,33189121,5,33200648
5762,11524,33200644,5,33212173
5763,11526,33212169,5,33223700
5764,11528,33223696,5,33235229
5765,11530,33235225,5,33246760
5766,11532,33246756,5,33258293
5767,11534,33258289,5,33269828
5768,11536,33269824,5,33281365
5769,11538,33281361,5,33292904
5770,11540,33292900,5,33304445
5771,11542,33304441,5,33315988
5772,11544,33315984,5,33327533
5773,11546,33327529,5,33339080
5774,11548,33339076,5,33350629
5775,11550,33350625,5,33362180
5776,11552,33362176,5,33373733
5777,11554,33373729,5,33385288
5778,11556,33385284,5,33396845
5779,11558,33396841,5,33408404
5780,11560,33408400,5,33419965
5781,11562,33419961,5,33431528
5782,11564,33431524,5,33443093
5783,11566,33443089,5,33454660
5784,11568,33454656,5,33466229
5785,11570,33466225,5,33477800
5786,11572,33477796,5,33489373
5787,11574,33489369,5,33500948
5788,11576,33500944,5,33512525
5789,11578,33512521,5,33524104
5790,11580,33524100,5,33535685
5791,11582,33535681,5,33547268
5792,11584,33547264,5,33558853
5793,11586,33558849,5,33570440
5794,11588,33570436,5,33582029
5795,11590,33582025,5,33593620
5796,11592,33593616,5,33605213
5797,11594,33605209,5,33616808
5798,11596,33616804,5,33628405
5799,11598,33628401,5,33640004
5800,11600,33640000,5,33651605
5801,11602,33651601,5,33663208
5802,11604,33663204,5,33674813
5803,11606,33674809,5,33686420
5804,11608,33686416,5,33698029
5805,11610,33698025,5,33709640
5806,11612,33709636,5,33721253
5807,11614,33721249,5,33732868
5808,11616,33732864,5,33744485
5809,11618,33744481,5,33756104
5810,11620,33756100,5,33767725
5811,11622,33767721,5,33779348
5812,11624,33779344,5,33790973
5813,11626,33790969,5,33802600
5814,11628,33802596,5,33814229
5815,11630,33814225,5,33825860
5816,11632,33825856,5,33837493
5817,11634,33837489,5,33849128
5818,11636,33849124,5,33860765
5819,11638,33860761,5,33872404
5820,11640,33872400,5,33884045
5821,11642,33884041,5,33895688
5822,11644,33895684,5,33907333
5823,11646,33907329,5,33918980
5824,11648,33918976,5,33930629
5825,11650,33930625,5,33942280
5826,11652,33942276,5,33953933
5827,11654,33953929,5,33965588
5828,11656,33965584,5,33977245
5829,11658,33977241,5,33988904
5830,11660,33988900,5,34000565
5831,11662,34000561,5,34012228
5832,11664,34012224,5,34023893
5833,11666,34023889,5,34035560
5834,11668,34035556,5,34047229
5835,11670,34047225,5,34058900
5836,11672,34058896,5,34070573
5837,11674,34070569,5,34082248
5838,11676,34082244,5,34093925
5839,11678,34093921,5,34105604
5840,11680,34105600,5,34117285
5841,11682,34117281,5,34128968
5842,11684,34128964,5,34140653
5843,11686,34140649,5,34152340
5844,11688,34152336,5,34164029
5845,11690,34164025,5,34175720
5846,11692,34175716,5,34187413
5847,11694,34187409,5,34199108
5848,11696,34199104,5,34210805
5849,11698,34210801,5,34222504
5850,11700,34222500,5,34234205
5851,11702,34234201,5,34245908
5852,11704,34245904,5,34257613
5853,11706,34257609,5,34269320
5854,11708,34269316,5,34281029
5855,11710,34281025,5,34292740
5856,11712,34292736,5,34304453
5857,11714,34304449,5,34316168
5858,11716,34316164,5,34327885
5859,11718,34327881,5,34339604
5860,11720,34339600,5,34351325
5861,11722,34351321,5,34363048
5862,11724,34363044,5,34374773
5863,11726,34374769,5,34386500
5864,11728,34386496,5,34398229
5865,11730,34398225,5,34409960
5866,11732,34409956,5,34421693
5867,11734,34421689,5,34433428
5868,11736,34433424,5,34445165
5869,11738,34445161,5,34456904
5870,11740,34456900,5,34468645
5871,11742,34468641,5,34480388
5872,11744,34480384,5,34492133
5873,11746,34492129,5,34503880
5874,11748,34503876,5,34515629
5875,11750,34515625,5,34527380
5876,11752,34527376,5,34539133
5877,11754,34539129,5,34550888
5878,11756,34550884,5,34562645
5879,11758,34562641,5,34574404
5880,11760,34574400,5,34586165
5881,11762,34586161,5,34597928
5882,11764,34597924,5,34609693
5883,11766,34609689,5,34621460
5884,11768,34621456,5,34633229
5885,11770,34633225,5,34645000
5886,11772,34644996,5,34656773
5887,11774,34656769,5,34668548
5888,11776,34668544,5,34680325
5889,11778,34680321,5,34692104
5890,11780,34692100,5,34703885
5891,11782,34703881,5,34715668
5892,11784,34715664,5,34727453
5893,11786,34727449,5,34739240
5894,11788,34739236,5,34751029
5895,11790,34751025,5,34762820
5896,11792,34762816,5,34774613
5897,11794,34774609,5,34786408
5898,11796,34786404,5,34798205
5899,11798,34798201,5,34810004
5900,11800,34810000,5,34821805
5901,11802,34821801,5,34833608
5902,11804,34833604,5,34845413
5903,11806,34845409,5,34857220
5904,11808,34857216,5,34869029
5905,11810,34869025,5,34880840
5906,11812,34880836,5,34892653
5907,11814,34892649,5,34904468
5908,11816,34904464,5,34916285
5909,11818,34916281,5,34928104
5910,11820,34928100,5,34939925
5911,11822,34939921,5,34951748
5912,11824,34951744,5,34963573
5913,11826,34963569,5,34975400
5914,11828,34975396,5,34987229
5915,11830,34987225,5,34999060
5916,11832,34999056,5,35010893
5917,11834,35010889,5,35022728
5918,11836,35022724,5,35034565
5919,11838,35034561,5,35046404
5920,11840,35046400,5,35058245
5921,11842,35058241,5,35070088
5922,11844,35070084,5,35081933
5923,11846,35081929,5,35093780
5924,11848,35093776,5,35105629
5925,11850,35105625,5,35117480
5926,11852,35117476,5,35129333
5927,11854,35129329,5,35141188
5928,11856,35141184,5,35153045
5929,11858,35153041,5,35164904
5930,11860,35164900,5,35176765
5931,11862,35176761,5,35188628
5932,11864,35188624,5,35200493
5933,11866,35200489,5,35212360
5934,11868,35212356,5,35224229
5935,11870,35224225,5,35236100
5936,11872,35236096,5,35247973
5937,11874,35247969,5,35259848
5938,11876,35259844,5,35271725
5939,11878,35271721,5,35283604
5940,11880,35283600,5,35295485
5941,11882,35295481,5,35307368
5942,11884,35307364,5,35319253
5943,11886,35319249,5,35331140
5944,11888,35331136,5,35343029
5945,11890,35343025,5,35354920
5946,11892,35354916,5,35366813
5947,11894,35366809,5,35378708
5948,11896,35378704,5,35390605
5949,11898,35390601,5,35402504
5950,11900,35402500,5,35414405
5951,11902,35414401,5,35426308
5952,11904,35426304,5,35438213
5953,11906,35438209,5,35450120
5954,11908,35450116,5,35462029
5955,11910,35462025,5,35473940
5956,11912,35473936,5,35485853
5957,11914,35485849,5,35497768
5958,11916,35497764,5,35509685
5959,11918,35509681,5,35521604
5960,11920,35521600,5,35533525
5961,11922,35533521,5,35545448
5962,11924,35545444,5,35557373
5963,11926,35557369,5,35569300
5964,11928,35569296,5,35581229
5965,11930,35581225,5,35593160
5966,11932,35593156,5,35605093
5967,11934,35605089,5,35617028
5968,11936,35617024,5,35628965
5969,11938,35628961,5,35640904
5970,11940,35640900,5,35652845
5971,11942,35652841,5,35664788
5972,11944,35664784,5,35676733
5973,11946,35676729,5,35688680
5974,11948,35688676,5,35700629
5975,11950,35700625,5,35712580
5976,11952,35712576,5,35724533
5977,11954,35724529,5,35736488
5978,11956,35736484,5,35748445
5979,11958,35748441,5,35760404
5980,11960,35760400,5,35772365
5981,11962,35772361,5,35784328
5982,11964,35784324,5,35796293
5983,11966,35796289,5,35808260
5984,11968,35808256,5,35820229
5985,11970,35820225,5,35832200
5986,11972,35832196,5,35844173
5987,11974,35844169,5,35856148
5988,11976,35856144,5,35868125
5989,11978,35868121,5,35880104
5990,11980,35880100,5,35892085
5991,11982,35892081,5,35904068
5992,11984,35904064,5,35916053
5993,11986,35916049,5,35928040
5994,11988,35928036,5,35940029
5995,11990,35940025,5,35952020
5996,11992,35952016,5,35964013
5997,11994,35964009,5,35976008
5998,11996,35976004,5,35988005
5999,11998,35988001,5,36000004
6000,12000,36000000,5,36012005
